0 1.06846856316
0.539696 1.00806507008
1.07939 0.951022299676
1.61909 0.897235628781
2.15878 0.846600434215
2.69848 0.7990120928
3.23817 0.75436598136
3.77787 0.712557476717
4.31757 0.673481955695
4.85726 0.637034795117
5.39696 0.603111371806
5.93665 0.571607062584
6.47635 0.542417244275
7.01604 0.515437293702
7.55574 0.490562587687
8.09544 0.467688503055
8.63513 0.446710416626
9.17483 0.427523705226
9.71452 0.410023745676
10.2542 0.394105914801
10.7939 0.379665589422
11.3336 0.366598146362
11.8733 0.354798962446
12.413 0.344163414495
12.9527 0.334586879333
13.4924 0.325964733783
14.0321 0.318192354668
14.5718 0.311165118811
15.1115 0.304778403034
15.6512 0.298927584161
16.1909 0.293508039016
16.7306 0.28841514442
17.2703 0.283544277197
17.81 0.278790814169
18.3497 0.274067762553
18.8893 0.269358651191
19.429 0.264664639301
19.9687 0.259986886111
20.5084 0.255326550846
21.0481 0.250684792733
21.5878 0.246062771
22.1275 0.241461644872
22.6672 0.236882573577
23.2069 0.232326716341
23.7466 0.22779523239
24.2863 0.223289280953
24.826 0.218810021255
25.3657 0.214358612522
25.9054 0.209936213982
26.4451 0.205543984862
26.9848 0.201183084388
27.5245 0.196854671786
28.0642 0.192559906284
28.6039 0.188299947109
29.1436 0.184075953485
29.6833 0.179889084642
30.223 0.175740499805
30.7627 0.1716313582
31.3023 0.167562819056
31.842 0.163536041597
32.3817 0.159552185052
32.9214 0.155612408647
33.4611 0.151717871608
34.0008 0.147869733162
34.5405 0.144069152535
35.0802 0.140317288956
35.6199 0.13661512122
36.1596 0.132962906411
36.6993 0.12936072118
37.239 0.12580864218
37.7787 0.122306746063
38.3184 0.118855109484
38.8581 0.115453809093
39.3978 0.112102921544
39.9375 0.108802523489
40.4772 0.105552691581
41.0169 0.102353502473
41.5566 0.0992050328169
42.0963 0.0961073592658
42.636 0.0930605584722
43.1757 0.0900647070888
43.7154 0.0871198817681
44.255 0.0842261591628
44.7947 0.0813836159257
45.3344 0.0785923287092
45.8741 0.075852374166
46.4138 0.0731638289488
46.9535 0.0705267697102
47.4932 0.0679412731029
48.0329 0.0654074157794
48.5726 0.0629252743925
49.1123 0.0604949255947
49.652 0.0581164460387
50.1917 0.0557899123772
50.7314 0.0535154012627
51.2711 0.051292989348
51.8108 0.0491227532856
52.3505 0.0470047697281
52.8902 0.0449391153283
53.4299 0.0429258667388
53.9696 0.0409651006122
54.5093 0.0390568936011
55.049 0.0372013223581
55.5887 0.035398463536
56.1284 0.0336483937873
56.668 0.0319511897648
57.2077 0.0303069281209
57.7474 0.0287156855084
58.2871 0.0271775385799
58.8268 0.0256925639881
59.3665 0.0242608383855
59.9062 0.0228824384249
60.4459 0.0215574407588
60.9856 0.0202859220398
61.5253 0.0190679589208
62.065 0.0179036280541
62.6047 0.0167930060926
63.1444 0.0157361696888
63.6841 0.0147331954954
64.2238 0.013784160165
64.7635 0.0128891403503
65.3032 0.0120482127039
65.8429 0.0112614538784
66.3826 0.0105289405264
66.9223 0.00985074930066
67.462 0.00922695685376
68.0017 0.00865763983834
68.5414 0.00814287490704
69.081 0.00768273871249
69.6207 0.00727730790734
70.1604 0.00692665914421
70.7001 0.00663063958647
71.2398 0.00638817844034
71.7795 0.00619797542275
72.3192 0.00605873025064
72.8589 0.00596914264095
73.3986 0.00592791231061
73.9383 0.00593373897656
74.478 0.00598532235573
75.0177 0.00608136216508
75.5574 0.00622055812152
76.0971 0.00640160994201
76.6368 0.00662321734347
77.1765 0.00688408004284
77.7162 0.00718289775706
78.2559 0.00751837020307
78.7956 0.00788919709781
79.3353 0.0082940781582
79.875 0.0087317131012
80.4147 0.00920080164373
80.9544 0.00970004350273
81.494 0.0102281383951
82.0337 0.0107837860379
82.5734 0.0113656861479
83.1131 0.0119725384422
83.6528 0.0126030426376
84.1925 0.0132558984511
84.7322 0.0139298055997
85.2719 0.0146234638002
85.8116 0.0153355727696
86.3513 0.0160648322249
86.891 0.016809941883
87.4307 0.0175696014607
87.9704 0.0183425106751
88.5101 0.0191273692431
89.0498 0.0199228768817
89.5895 0.0207277333077
90.1292 0.0215406382381
90.6689 0.0223602913898
91.2086 0.0231853924799
91.7483 0.0240146412251
92.288 0.0248467373425
92.8277 0.025680380549
93.3674 0.0265142705615
93.907 0.0273471070969
94.4467 0.0281775898723
94.9864 0.0290044186045
95.5261 0.0298262930104
96.0658 0.0306419128071
96.6055 0.0314499777115
97.1452 0.0322491874404
97.6849 0.0330382417108
98.2246 0.0338158402397
98.7643 0.034580682744
99.304 0.0353314689406
99.8437 0.0360668985465
100.383 0.0367856712786
100.923 0.0374864868538
101.463 0.0381680449891
102.002 0.0388290454015
102.542 0.0394681878078
103.082 0.040084171925
103.622 0.04067569747
104.161 0.0412414641598
104.701 0.0417801717112
105.241 0.0422905198414
105.78 0.0427715030081
106.32 0.0432232946338
106.86 0.0436463628819
107.399 0.0440411759156
107.939 0.0444082018983
108.479 0.0447479089935
109.019 0.0450607653645
109.558 0.0453472391746
110.098 0.0456077985872
110.638 0.0458429117657
111.177 0.0460530468735
111.717 0.0462386720739
112.257 0.0464002555303
112.796 0.046538265406
113.336 0.0466531698644
113.876 0.046745437069
114.415 0.046815535183
114.955 0.0468639323698
115.495 0.0468910967929
116.035 0.0468974966155
116.574 0.046883600001
117.114 0.0468498751128
117.654 0.0467967901143
118.193 0.0467248131688
118.733 0.0466344124397
119.273 0.0465260560904
119.812 0.0464002122843
120.352 0.0462573491846
120.892 0.0460979349548
121.432 0.0459224377579
121.971 0.0457313257579
122.511 0.0455250671179
123.051 0.0453041300013
123.59 0.0450689825713
124.13 0.0448200929914
124.67 0.044557929425
125.209 0.0442829600354
125.749 0.043995652986
126.289 0.0436964764401
126.828 0.0433858985611
127.368 0.0430643875124
127.908 0.0427324114574
128.448 0.0423904385594
128.987 0.0420389369818
129.527 0.0416783748879
130.067 0.0413092204412
130.606 0.0409319418049
131.146 0.0405470071425
131.686 0.0401548846173
132.225 0.0397560423928
132.765 0.0393509486321
133.305 0.0389400714989
133.845 0.0385238791563
134.384 0.0381028397677
134.924 0.0376774214966
135.464 0.0372480925063
136.003 0.0368153209602
136.543 0.0363795750216
137.083 0.0359413228539
137.622 0.0355010326205
138.162 0.0350591724847
138.702 0.0346162106099
139.241 0.0341726151595
139.781 0.0337288542968
140.321 0.0332853961853
140.861 0.0328426272971
141.4 0.0324006073407
141.94 0.031959314333
142.48 0.0315187262914
143.019 0.031078821233
143.559 0.0306395771749
144.099 0.0302009721343
144.638 0.0297629841285
145.178 0.0293255911745
145.718 0.0288887712897
146.258 0.028452502491
146.797 0.0280167627958
147.337 0.0275815302212
147.877 0.0271467827843
148.416 0.0267124985024
148.956 0.0262786553927
149.496 0.0258452314722
150.035 0.0254122047582
150.575 0.0249795532679
151.115 0.0245472550184
151.654 0.024115288027
152.194 0.0236836303107
152.734 0.0232522598868
153.274 0.0228211547724
153.813 0.0223902929847
154.353 0.021959652541
154.893 0.0215292114583
155.432 0.0210989477539
155.972 0.0206688394449
156.512 0.0202388645485
157.051 0.0198090010818
157.591 0.0193792270622
158.131 0.0189495205066
158.671 0.0185198594324
159.21 0.0180902218567
159.75 0.0176605857966
160.29 0.0172309292694
160.829 0.0168012302922
161.369 0.0163714668822
161.909 0.0159416170565
162.448 0.0155116588324
162.988 0.0150815702271
163.528 0.0146513292576
164.067 0.0142209139412
164.607 0.0137903022951
165.147 0.0133594723364
165.687 0.0129284020823
166.226 0.01249706955
166.766 0.0120654527567
167.306 0.0116335297195
167.845 0.0112012784556
168.385 0.0107686769822
168.925 0.0103357033165
169.464 0.00990233547568
170.004 0.00946855147684
170.544 0.0090343293372
171.084 0.00859964707394
171.623 0.00816448270424
172.163 0.00772881424527
172.703 0.00729261971421
173.242 0.00685587712823
173.782 0.00641856450452
174.322 0.00598065986024
174.861 0.00554214121258
175.401 0.00510298657872
175.941 0.00466317397582
176.48 0.00422268142107
177.02 0.00378148693165
177.56 0.00333956852472
178.1 0.00289690421747
178.639 0.00245347202708
179.179 0.00200924997071
179.719 0.00156421606556
180.258 0.00111834832879
180.798 0.000671624777577
181.338 0.000224023429105
181.877 -0.000224477699452
182.417 -0.000673900590917
182.957 -0.00112426722811
183.497 -0.00157559959386
184.036 -0.00202791967099
184.576 -0.00248124944232
185.116 -0.00293561089068
185.655 -0.00339102599888
186.195 -0.00384751674975
186.735 -0.00430510512611
187.274 -0.00476381311079
187.814 -0.00522366268662
188.354 -0.0056846758364
188.893 -0.00614687454297
189.433 -0.00661028078915
189.973 -0.00707491655776
190.513 -0.00754080383163
191.052 -0.00800796459358
191.592 -0.00847642082643
192.132 -0.008946194513
192.671 -0.00941730763612
193.211 -0.00988978217862
193.751 -0.0103636401233
194.29 -0.010838903453
194.83 -0.0113155941506
195.37 -0.0117937341988
195.91 -0.0122733455805
196.449 -0.0127544502785
196.989 -0.0132370702756
197.529 -0.0137212275547
198.068 -0.0142069440986
198.608 -0.0146942418901
199.148 -0.015183142912
199.687 -0.0156736691472
200.227 -0.0161658425784
200.767 -0.0166596851885
201.306 -0.0171552189604
201.846 -0.0176524658767
202.386 -0.0181514479205
202.926 -0.0186521870744
203.465 -0.0191547053214
204.005 -0.0196590246442
204.545 -0.0201651670256
205.084 -0.0206731544486
205.624 -0.0211830088958
206.164 -0.0216947523502
206.703 -0.0222084067945
207.243 -0.0227239942116
207.783 -0.0232415365842
208.323 -0.0237610558953
208.862 -0.0242825741277
209.402 -0.0248061132641
209.942 -0.0253316952874
210.481 -0.0258593421804
211.021 -0.0263889953724
211.561 -0.0269202740787
212.1 -0.0274527169609
212.64 -0.0279858626807
213.18 -0.0285192498999
213.719 -0.0290524172801
214.259 -0.029584903483
214.799 -0.0301162471703
215.339 -0.0306459870038
215.878 -0.0311736616451
216.418 -0.0316988097559
216.958 -0.0322209699979
217.497 -0.0327396810329
218.037 -0.0332544815225
218.577 -0.0337649101284
219.116 -0.0342705055123
219.656 -0.0347708063359
220.196 -0.0352653512609
220.736 -0.0357536789491
221.275 -0.036235328062
221.815 -0.0367098372615
222.355 -0.0371767452091
222.894 -0.0376355905667
223.434 -0.0380859119959
223.974 -0.0385272481584
224.513 -0.0389591377167
225.053 -0.0393811193308
225.593 -0.0397927316634
226.132 -0.0401935133761
226.672 -0.0405830031305
227.212 -0.0409607395885
227.752 -0.0413262614116
228.291 -0.0416791072617
228.831 -0.0420188158003
229.371 -0.0423449256892
229.91 -0.0426569755901
230.45 -0.0429545041647
230.99 -0.0432370500747
231.529 -0.0435041519817
232.069 -0.0437553485476
232.609 -0.0439901784339
233.149 -0.0442081803024
233.688 -0.0444088928148
234.228 -0.0445918546327
234.768 -0.0447566044179
235.307 -0.0449026808321
235.847 -0.045029622537
236.387 -0.0451369681943
236.926 -0.0452242564656
237.466 -0.0452910260127
238.006 -0.0453368154972
238.545 -0.0453611635809
239.085 -0.0453636089255
239.625 -0.0453436901927
240.165 -0.0453009460441
240.704 -0.0452349151414
241.244 -0.0451451361465
241.784 -0.0450311477208
242.323 -0.0448924885263
242.863 -0.0447286972245
243.403 -0.0445393124771
243.942 -0.0443238729459
244.482 -0.0440819172926
245.022 -0.0438129841788
245.562 -0.0435166122662
246.101 -0.0431925322
246.641 -0.0428412425587
247.181 -0.0424634339045
247.72 -0.0420597967992
248.26 -0.041631021805
248.8 -0.0411777994839
249.339 -0.0407008203978
249.879 -0.0402007751089
250.419 -0.039678354179
250.958 -0.0391342481704
251.498 -0.0385691476449
252.038 -0.0379837431646
252.578 -0.0373787252915
253.117 -0.0367547845876
253.657 -0.0361126116151
254.197 -0.0354528969358
254.736 -0.0347763311118
255.276 -0.0340836047052
255.816 -0.0333754082779
256.355 -0.032652432392
256.895 -0.0319153676095
257.435 -0.0311649044924
257.975 -0.0304017336028
258.514 -0.0296265455026
259.054 -0.028840030754
259.594 -0.0280428799188
260.133 -0.0272357835592
260.673 -0.0264194322372
261.213 -0.0255945165147
261.752 -0.0247617269539
262.292 -0.0239217541167
262.832 -0.0230752885651
263.371 -0.0222230208612
263.911 -0.021365641567
264.451 -0.0205038412446
264.991 -0.0196383104559
265.53 -0.0187697397629
266.07 -0.0178988197278
266.61 -0.0170262409124
267.149 -0.0161526938789
267.689 -0.0152788691893
268.229 -0.0144054574055
268.768 -0.0135331490896
269.308 -0.0126626348037
269.848 -0.0117946051097
270.388 -0.0109297505697
270.927 -0.0100687617457
271.467 -0.0092123291997
272.007 -0.00836114349375
272.546 -0.00751589518986
273.086 -0.00667727485006
273.626 -0.00584597303637
274.165 -0.00502268031081
274.705 -0.00420808723541
275.245 -0.00340288437219
275.784 -0.00260776228317
276.324 -0.00182341153037
276.864 -0.00105052267582
277.404 -0.000289786281544
277.943 0.000458107090442
278.483 0.00119246687811
279.023 0.00191260251944
279.562 0.00261782345241
280.102 0.003307439115
280.642 0.00398089839767
281.181 0.00463820800083
281.721 0.0052795140774
282.261 0.00590496278027
282.801 0.00651470026235
283.34 0.00710887267654
283.88 0.00768762617575
284.42 0.00825110691288
284.959 0.00879946104084
285.499 0.00933283471252
286.039 0.00985137408084
286.578 0.0103552252987
287.118 0.010844534519
287.658 0.0113194478946
288.197 0.0117801115785
288.737 0.0122266717236
289.277 0.0126592744827
289.817 0.0130780660087
290.356 0.0134831924547
290.896 0.0138747999734
291.436 0.0142530347177
291.975 0.0146180428407
292.515 0.0149699704951
293.055 0.0153089638339
293.594 0.01563516901
294.134 0.0159487321763
294.674 0.0162497994857
295.214 0.0165385170911
295.753 0.0168150311455
296.293 0.0170794878016
296.833 0.0173320332124
297.372 0.0175728135308
297.912 0.0178019749098
298.452 0.0180196635022
298.991 0.0182260254609
299.531 0.0184212069389
300.071 0.018605354089
300.61 0.0187786130641
301.15 0.0189411300172
301.69 0.0190930511012
302.23 0.0192345224688
302.769 0.0193656902732
303.309 0.0194867006671
303.849 0.0195976998035
304.388 0.0196988338352
304.928 0.0197902489152
305.468 0.0198720911964
306.007 0.0199445068317
306.547 0.020007641974
307.087 0.0200616427761
307.627 0.0201066553911
308.166 0.0201428259717
308.706 0.020170300671
309.246 0.0201892256417
309.785 0.0201997470369
310.325 0.0202020110094
310.865 0.0201961637121
311.404 0.0201823512979
311.944 0.0201607199198
312.484 0.0201314157305
313.023 0.0200945848832
313.563 0.0200503735305
314.103 0.0199989278255
314.643 0.0199403939211
315.182 0.01987491797
315.722 0.0198026461254
316.262 0.01972372454
316.801 0.0196382993668
317.341 0.0195465167586
317.881 0.0194485228684
318.42 0.0193444638491
318.96 0.0192344858536
319.5 0.0191187350347
320.04 0.0189973575454
320.579 0.0188704995387
321.119 0.0187383071673
321.659 0.0186009265842
322.198 0.0184585039423
322.738 0.0183111853945
323.278 0.0181591170938
323.817 0.0180024451929
324.357 0.0178413158449
324.897 0.0176758752026
325.436 0.0175062694189
325.976 0.0173326446468
326.516 0.017155147039
327.056 0.0169739227487
327.595 0.0167891179282
328.135 0.0166008787312
328.675 0.0164093513103
329.214 0.0162146818183
329.754 0.0160170164082
330.294 0.0158165012328
330.833 0.0156132824451
331.373 0.015407506198
331.913 0.0151993186443
332.453 0.0149888659371
332.992 0.0147762942291
333.532 0.0145617496733
334.072 0.0143453784226
334.611 0.0141273266299
335.151 0.0139077404481
335.691 0.0136867660301
336.23 0.0134645495288
336.77 0.0132412370971
337.31 0.0130169748879
337.849 0.0127919090542
338.389 0.0125661857488
338.929 0.0123399511246
339.469 0.0121133513345
340.008 0.0118865325315
340.548 0.0116596408684
341.088 0.0114328224982
341.627 0.0112062235737
342.167 0.0109799902478
342.707 0.0107542686735
343.246 0.0105292050037
343.786 0.0103049453913
344.326 0.0100816359891
344.866 0.00985942295005
345.405 0.00963845242711
345.945 0.00941887057315
346.485 0.00920082354107
347.024 0.00898445748378
347.564 0.00876991855418
348.104 0.00855735290518
348.643 0.00834690668968
349.183 0.00813872606058
349.723 0.00793295717079
350.262 0.00772974617322
350.802 0.00752921224905
351.342 0.00733136669262
351.882 0.00713619382658
352.421 0.00694367797355
352.961 0.00675380345616
353.501 0.00656655459705
354.04 0.00638191571884
354.58 0.00619987114417
355.12 0.00602040519567
355.659 0.00584350219597
356.199 0.0056691464677
356.739 0.00549732233349
357.279 0.00532801411598
357.818 0.0051612061378
358.358 0.00499688272157
358.898 0.00483502818994
359.437 0.00467562686553
359.977 0.00451866307097
360.517 0.00436412112889
361.056 0.00421198536193
361.596 0.00406224009272
362.136 0.00391486964389
362.675 0.00376985833807
363.215 0.00362719049789
363.755 0.00348685044599
364.295 0.00334882250499
364.834 0.00321309099753
365.374 0.00307964024624
365.914 0.00294845457375
366.453 0.00281951830269
366.993 0.00269281575569
367.533 0.00256833125539
368.072 0.00244604912442
368.612 0.0023259536854
369.152 0.00220802926097
369.692 0.00209226017377
370.231 0.00197863074641
370.771 0.00186712530155
371.311 0.00175772816179
371.85 0.00165042364979
372.39 0.00154519608816
372.93 0.00144202979955
373.469 0.00134090910658
374.009 0.00124181833188
374.549 0.00114474179808
375.088 0.00104966382783
375.628 0.000956568743739
376.168 0.000865440868451
376.708 0.000776264524594
377.247 0.000689024034801
377.787 0.000603703721702
378.327 0.00052028790793
378.866 0.000438760916115
379.406 0.00035910706889
379.946 0.000281310688886
380.485 0.000205356098735
381.025 0.000131227621067
381.565 5.89095785155e-05
382.105 -1.16137062891e-05
382.644 -8.03579107148e-05
383.184 -0.00014733871213
383.724 -0.000212571787904
384.263 -0.000276072815404
384.803 -0.000337857471999
385.343 -0.000397941435057
385.882 -0.000456340381947
386.422 -0.000513069990038
386.962 -0.000568145936697
387.502 -0.000621583899293
388.041 -0.000673399555195
388.581 -0.000723608581771
389.121 -0.000772226656389
389.66 -0.000819269456418
390.2 -0.000864752659227
390.74 -0.000908691942183
391.279 -0.000951102982656
391.819 -0.000992001458013
392.359 -0.00103140304562
392.898 -0.00106932342285
393.438 -0.00110577826708
393.978 -0.00114078325566
394.518 -0.00117435406596
395.057 -0.00120650637537
395.597 -0.00123725586123
396.137 -0.00126661820093
396.676 -0.00129460907183
397.216 -0.0013212441513
397.756 -0.0013465391167
398.295 -0.00137050964541
398.835 -0.0013931714148
399.375 -0.00141454010223
399.915 -0.00143463138506
400.454 -0.00145346094068
400.994 -0.00147104444645
401.534 -0.00148739757973
402.073 -0.0015025360179
402.613 -0.00151647543832
403.153 -0.00152923151837
403.692 -0.0015408199354
404.232 -0.00155125636679
404.772 -0.00156055648991
405.311 -0.00156873598213
405.851 -0.00157581052081
406.391 -0.00158179578332
406.931 -0.00158670744703
407.47 -0.00159056118931
408.01 -0.00159337268753
408.55 -0.00159515761906
409.089 -0.00159593166126
409.629 -0.0015957104915
410.169 -0.00159450978716
410.708 -0.00159234522559
411.248 -0.00158923248418
411.788 -0.00158518724028
412.328 -0.00158022517126
412.867 -0.0015743619545
413.407 -0.00156761326736
413.947 -0.00155999478722
414.486 -0.00155152219143
415.026 -0.00154221115737
415.566 -0.0015320773624
416.105 -0.0015211364839
416.645 -0.00150940419923
417.185 -0.00149689618576
417.724 -0.00148362812086
418.264 -0.0014696156819
418.804 -0.00145487454625
419.344 -0.00143942039127
419.883 -0.00142326889434
420.423 -0.00140643484217
420.963 -0.00138892945891
421.502 -0.00137076307806
422.042 -0.00135194603312
422.582 -0.00133248865758
423.121 -0.00131240128494
423.661 -0.0012916942487
424.201 -0.00127037788237
424.741 -0.00124846251943
425.28 -0.00122595849338
425.82 -0.00120287613773
426.36 -0.00117922578597
426.899 -0.0011550177716
427.439 -0.00113026242811
427.979 -0.00110497008901
428.518 -0.0010791510878
429.058 -0.00105281575797
429.598 -0.00102597443302
430.137 -0.000998637446444
430.677 -0.000970815131748
431.217 -0.000942517822373
431.757 -0.000913755851923
432.296 -0.000884539553844
432.836 -0.000854879261634
433.376 -0.000824785308791
433.915 -0.000794268028814
434.455 -0.0007633377552
434.995 -0.000732004821448
435.534 -0.000700279561056
436.074 -0.000668172307522
436.614 -0.000635693394343
437.154 -0.000602853155019
437.693 -0.000569661923048
438.233 -0.000536130031927
438.773 -0.000502267815155
439.312 -0.000468085606229
439.852 -0.000433593738648
440.392 -0.000398802545911
440.931 -0.000363722361515
441.471 -0.000328363518958
442.011 -0.000292736351739
442.55 -0.000256851193355
443.09 -0.000220718377306
443.63 -0.000184348237088
444.17 -0.0001477511062
444.709 -0.000110937318141
445.249 -7.39172064075e-05
445.789 -3.6701104499e-05
446.328 7.00654086835e-07
446.868 3.82777358519e-05
447.408 7.60198072979e-05
447.947 0.000113916534927
448.487 0.000151957585241
449.027 0.000190132624741
449.567 0.00022843131993
450.106 0.000266843337309
450.646 0.00030535834338
451.186 0.000343966004646
451.725 0.000382655987607
452.265 0.000421417958766
452.805 0.000460241584625
453.344 0.000499116531685
453.884 0.000538032466448
454.424 0.000576979055417
454.963 0.000615945965092
455.503 0.000654922861977
456.043 0.000693899412572
456.583 0.00073286528338
457.122 0.000771810140903
457.662 0.000810723651642
458.202 0.000849595482099
458.741 0.000888415298776
459.281 0.000927172768175
459.821 0.000965857556797
460.36 0.00100445933115
460.9 0.00104296775772
461.44 0.00108137250303
461.98 0.00111966323356
462.519 0.00115782961583
463.059 0.00119586131634
463.599 0.00123374800158
464.138 0.00127147933806
464.678 0.00130904499228
465.218 0.00134643463074
465.757 0.00138363791995
466.297 0.0014206445264
466.837 0.0014574441166
467.376 0.00149402635705
467.916 0.00153038091425
468.456 0.00156649745471
468.996 0.00160236564492
469.535 0.00163797515139
470.075 0.00167331564061
470.615 0.0017083767791
471.154 0.00174314823335
471.694 0.00177761966987
472.234 0.00181178075515
472.773 0.0018456211557
473.313 0.00187913053802
473.853 0.00191229856861
474.393 0.00194511491398
474.932 0.00197756924062
475.472 0.00200965121504
476.012 0.00204135050374
476.551 0.00207265677322
477.091 0.00210355968999
477.631 0.00213404892053
478.17 0.00216411413137
478.71 0.002193744989
479.25 0.00222293115991
479.789 0.00225166231062
480.329 0.00227992810757
480.869 0.00230771821721
481.409 0.00233502230667
481.948 0.00236183004141
482.488 0.00238813108846
483.028 0.0024139151148
483.567 0.00243917178596
484.107 0.00246389076894
484.647 0.00248806173068
485.186 0.00251167433678
485.726 0.0025347182542
486.266 0.00255718314944
486.806 0.0025790586894
487.345 0.00260033453978
487.885 0.00262100036748
488.425 0.00264104583938
488.964 0.00266046062124
489.504 0.00267923437992
490.044 0.00269735678227
490.583 0.00271481749412
491.123 0.00273160618231
491.663 0.00274771251333
492.202 0.00276312615398
492.742 0.00277783677018
493.282 0.00279183402873
493.822 0.00280510759637
494.361 0.0028176471391
494.901 0.00282944232369
495.441 0.00284048281683
495.98 0.00285075828461
496.52 0.00286025839375
497.06 0.00286897281076
497.599 0.00287689120226
498.139 0.00288400323448
498.679 0.00289029857406
499.219 0.0028957668876
499.758 0.00290039784141
500.298 0.00290418110209
500.838 0.00290710633619
501.377 0.0029091632101
501.917 0.00291034139039
502.457 0.00291063054357
502.996 0.0029100203361
503.536 0.00290850043452
504.076 0.00290606050533
504.615 0.00290269021496
505.155 0.00289837923003
505.695 0.00289311721699
506.235 0.00288689384222
506.774 0.00287969877246
507.314 0.00287152167409
507.854 0.00286235221362
508.393 0.00285218005736
508.933 0.00284099487218
509.473 0.0028287863244
510.012 0.00281554408028
510.552 0.00280125780681
511.092 0.00278591717024
511.632 0.00276951183678
512.171 0.00275203147353
512.711 0.00273346574669
513.251 0.00271380432278
513.79 0.00269303686789
514.33 0.0026711530493
514.87 0.00264814253313
515.409 0.00262399498544
515.949 0.00259870007361
516.489 0.00257224746371
517.028 0.00254462682173
517.568 0.00251582781518
518.108 0.00248584011006
518.648 0.00245465337289
519.187 0.00242225726955
519.727 0.00238864146774
520.267 0.00235379563338
520.806 0.00231770943228
521.346 0.00228037253229
521.886 0.00224177459925
522.425 0.00220190529891
522.965 0.00216075429926
523.505 0.00211831126606
524.045 0.00207456586582
524.584 0.0020295077642
525.124 0.00198312662936
525.664 0.00193541212699
526.203 0.00188635392266
526.743 0.0018359416847
527.283 0.00178416507871
527.822 0.0017310137702
528.362 0.00167647742763
528.902 0.00162054571654
529.441 0.00156320830343
529.981 0.0015044548537
530.521 0.00144427503602
531.061 0.00138265851583
531.6 0.00131959495845
532.14 0.00125507403271
532.68 0.00118908540396
533.219 0.00112161873744
533.759 0.00105266370215
534.299 0.00098220996336
534.838 0.000910247187567
535.378 0.000836765039898
535.918 0.00076175318958
536.458 0.000685201301766
536.997 0.000607099041497
537.537 0.00052743607817
538.077 0.000446202076853
538.616 0.000363386702499
539.156 0.00027897962468
539.696 0.000192970508377
540.235 0.000105349020093
540.775 1.61048246606e-05
541.315 -7.47724081111e-05
541.854 -0.000167293013358
542.394 -0.00026146732634
542.934 -0.000357305677063
543.474 -0.000454818400756
544.013 -0.00055401583277
544.553 -0.000654908302928
545.093 -0.00075750614655
545.632 -0.000861819697134
546.172 -0.000967859290158
546.712 -0.00107563525519
547.251 -0.00118515792768
547.791 -0.0012964376432
548.331 -0.00140948473113
548.871 -0.00152430952701
549.41 -0.00164092236651
549.95 -0.00175933357882
550.49 -0.00187955349957
551.029 -0.00200159246226
551.569 -0.0021254608027
552.109 -0.0022511688498
552.648 -0.00237872693934
553.188 -0.00250814540723
553.728 -0.00263943458217
554.267 -0.00277260480004
554.807 -0.00290766639686
555.347 -0.00304462970112
555.887 -0.00318350504881
556.426 -0.00332430277342
556.966 -0.00346703321111
557.506 -0.00361170669009
558.045 -0.00375833354649
558.585 -0.00390692411657
559.125 -0.00405748872834
559.664 -0.00421003771801
