280.120000 3.2984e-09
280.258000 2.9922e-09
280.395000 2.7651e-09
280.532000 3.2474e-09
280.669000 3.5773e-09
280.807000 3.7319e-09
280.944000 3.792e-09
281.081000 3.7681e-09
281.218000 3.7215e-09
281.356000 3.692e-09
281.493000 3.7518e-09
281.630000 3.8082e-09
281.767000 3.7714e-09
281.905000 3.7807e-09
282.042000 3.8337e-09
282.179000 3.8415e-09
282.316000 3.7594e-09
282.454000 3.791e-09
282.591000 3.796e-09
282.728000 3.7579e-09
282.865000 3.717e-09
283.002000 3.695e-09
283.140000 3.6608e-09
283.277000 3.6431e-09
283.414000 3.7051e-09
283.551000 3.6835e-09
283.689000 3.6171e-09
283.826000 3.6608e-09
283.963000 3.626e-09
284.100000 3.5007e-09
284.237000 3.5324e-09
284.375000 3.5585e-09
284.512000 3.6168e-09
284.649000 3.6681e-09
284.786000 3.6311e-09
284.924000 3.5465e-09
285.061000 3.5222e-09
285.198000 3.504e-09
285.335000 3.5061e-09
285.472000 3.6383e-09
285.610000 3.5636e-09
285.747000 3.4366e-09
285.884000 3.4509e-09
286.021000 3.5619e-09
286.158000 3.6409e-09
286.296000 3.6285e-09
286.433000 3.6415e-09
286.570000 3.5729e-09
286.707000 3.5288e-09
286.844000 3.5084e-09
286.982000 3.5283e-09
287.119000 3.5427e-09
287.256000 3.5739e-09
287.393000 3.5337e-09
287.530000 3.527e-09
287.668000 3.4833e-09
287.805000 3.4943e-09
287.942000 3.5536e-09
288.079000 3.5495e-09
288.216000 3.5478e-09
288.354000 3.6418e-09
288.491000 3.6349e-09
288.628000 3.6678e-09
288.765000 3.6576e-09
288.902000 3.5879e-09
289.039000 3.5083e-09
289.177000 3.5516e-09
289.314000 3.5264e-09
289.451000 3.5401e-09
289.588000 3.5451e-09
289.725000 3.5517e-09
289.862000 3.5707e-09
290.000000 3.6411e-09
290.137000 3.733e-09
290.274000 3.7647e-09
290.411000 3.7572e-09
290.548000 3.7826e-09
290.685000 3.7483e-09
290.823000 3.7003e-09
290.960000 3.6706e-09
291.097000 3.671e-09
291.234000 3.7081e-09
291.371000 3.7643e-09
291.508000 3.7767e-09
291.645000 3.7358e-09
291.783000 3.7288e-09
291.920000 3.7505e-09
292.057000 3.757e-09
292.194000 3.6946e-09
292.331000 3.6446e-09
292.468000 3.5887e-09
292.605000 3.6169e-09
292.743000 3.5677e-09
292.880000 3.514e-09
293.017000 3.5582e-09
293.154000 3.6428e-09
293.291000 3.6208e-09
293.428000 3.5613e-09
293.565000 3.5864e-09
293.703000 3.5512e-09
293.840000 3.5795e-09
293.977000 3.5718e-09
294.114000 3.5888e-09
294.251000 3.6382e-09
294.388000 3.6692e-09
294.525000 3.6004e-09
294.662000 3.6273e-09
294.800000 3.5807e-09
294.937000 3.5379e-09
295.074000 3.5696e-09
295.211000 3.6565e-09
295.348000 3.6306e-09
295.485000 3.5728e-09
295.622000 3.6748e-09
295.759000 3.7152e-09
295.896000 3.7221e-09
296.034000 3.6876e-09
296.171000 3.6616e-09
296.308000 3.6655e-09
296.445000 3.6298e-09
296.582000 3.5194e-09
296.719000 3.61e-09
296.856000 3.6543e-09
296.993000 3.6216e-09
297.130000 3.5426e-09
297.267000 3.5766e-09
297.404000 3.6513e-09
297.542000 3.6921e-09
297.679000 3.6576e-09
297.816000 3.6628e-09
297.953000 3.6251e-09
298.090000 3.5924e-09
298.227000 3.6295e-09
298.364000 3.6223e-09
298.501000 3.5454e-09
298.638000 3.4705e-09
298.775000 3.6054e-09
298.912000 3.6567e-09
299.049000 3.6906e-09
299.186000 3.7226e-09
299.324000 3.7146e-09
299.461000 3.7109e-09
299.598000 3.7107e-09
299.735000 3.7189e-09
299.872000 3.7068e-09
300.009000 3.673e-09
300.146000 3.635e-09
300.283000 3.5985e-09
300.420000 3.6027e-09
300.557000 3.6791e-09
300.694000 3.7194e-09
300.831000 3.708e-09
300.968000 3.7032e-09
301.105000 3.7189e-09
301.242000 3.7185e-09
301.379000 3.7269e-09
301.516000 3.7262e-09
301.653000 3.6926e-09
301.790000 3.6479e-09
301.928000 3.6612e-09
302.065000 3.6246e-09
302.202000 3.5939e-09
302.339000 3.6682e-09
302.476000 3.6982e-09
302.613000 3.6678e-09
302.750000 3.6421e-09
302.887000 3.6743e-09
303.024000 3.6617e-09
303.161000 3.6345e-09
303.298000 3.6269e-09
303.435000 3.6167e-09
303.572000 3.6418e-09
303.709000 3.6448e-09
303.846000 3.6284e-09
303.983000 3.6361e-09
304.120000 3.6278e-09
304.257000 3.5983e-09
304.394000 3.6132e-09
304.531000 3.6352e-09
304.668000 3.6316e-09
304.805000 3.5985e-09
304.942000 3.577e-09
305.079000 3.5784e-09
305.216000 3.604e-09
305.353000 3.6288e-09
305.490000 3.6388e-09
305.627000 3.6092e-09
305.764000 3.572e-09
305.901000 3.5403e-09
306.038000 3.5544e-09
306.175000 3.5996e-09
306.312000 3.6024e-09
306.449000 3.5968e-09
306.725000 3.54e-09
306.999000 3.5408e-09
307.274000 3.496e-09
307.548000 3.4796e-09
307.823000 3.5106e-09
308.098000 3.569e-09
308.372000 3.5735e-09
308.647000 3.5398e-09
308.921000 3.4945e-09
309.196000 3.482e-09
309.471000 3.4886e-09
309.745000 3.5109e-09
310.020000 3.5055e-09
310.294000 3.482e-09
310.569000 3.4832e-09
310.844000 3.5234e-09
311.118000 3.521e-09
311.393000 3.5188e-09
311.668000 3.4627e-09
311.942000 3.4264e-09
312.217000 3.4525e-09
312.491000 3.4426e-09
312.766000 3.4455e-09
313.041000 3.438e-09
313.315000 3.4534e-09
313.590000 3.4652e-09
313.865000 3.5032e-09
314.139000 3.5073e-09
314.414000 3.4856e-09
314.689000 3.4725e-09
314.963000 3.4819e-09
315.238000 3.4783e-09
315.512000 3.4599e-09
315.787000 3.4254e-09
316.062000 3.3773e-09
316.336000 3.4019e-09
316.611000 3.4315e-09
316.886000 3.4281e-09
317.160000 3.4628e-09
317.435000 3.4523e-09
317.710000 3.4063e-09
317.984000 3.3203e-09
318.259000 3.3449e-09
318.534000 3.3933e-09
318.808000 3.3852e-09
319.083000 3.3669e-09
319.358000 3.3507e-09
319.632000 3.3586e-09
319.907000 3.4113e-09
320.182000 3.4266e-09
320.456000 3.4287e-09
320.731000 3.3982e-09
321.006000 3.3571e-09
321.281000 3.3331e-09
321.555000 3.3371e-09
321.830000 3.3459e-09
322.105000 3.3623e-09
322.379000 3.3545e-09
322.654000 3.3161e-09
322.929000 3.2872e-09
323.203000 3.3016e-09
323.478000 3.2714e-09
323.753000 3.2586e-09
324.028000 3.295e-09
324.302000 3.3436e-09
324.577000 3.3592e-09
324.852000 3.3316e-09
325.126000 3.3093e-09
325.401000 3.3037e-09
325.676000 3.3298e-09
325.951000 3.3394e-09
326.225000 3.3486e-09
326.500000 3.3603e-09
326.775000 3.3529e-09
327.049000 3.3351e-09
327.324000 3.3233e-09
327.599000 3.3004e-09
327.874000 3.289e-09
328.148000 3.3121e-09
328.423000 3.3261e-09
328.698000 3.3059e-09
328.973000 3.3276e-09
329.247000 3.3473e-09
329.522000 3.3425e-09
329.797000 3.3461e-09
330.072000 3.3482e-09
330.346000 3.3364e-09
330.621000 3.3271e-09
330.896000 3.3286e-09
331.171000 3.3016e-09
331.445000 3.3137e-09
331.720000 3.3185e-09
331.995000 3.3073e-09
332.270000 3.2678e-09
332.544000 3.2686e-09
332.819000 3.2712e-09
333.094000 3.2697e-09
333.369000 3.2586e-09
333.643000 3.2254e-09
333.918000 3.2202e-09
334.193000 3.213e-09
334.468000 3.2297e-09
334.743000 3.2086e-09
335.017000 3.1993e-09
335.292000 3.2489e-09
335.567000 3.2621e-09
335.842000 3.2126e-09
336.116000 3.1982e-09
336.391000 3.2327e-09
336.666000 3.2344e-09
336.941000 3.2162e-09
337.216000 3.2134e-09
337.490000 3.2345e-09
337.765000 3.2303e-09
338.040000 3.1972e-09
338.315000 3.1998e-09
338.590000 3.2194e-09
338.864000 3.2228e-09
339.139000 3.2093e-09
339.414000 3.1972e-09
339.689000 3.2194e-09
339.964000 3.2398e-09
340.238000 3.2218e-09
340.513000 3.2179e-09
340.788000 3.2015e-09
341.063000 3.2219e-09
341.338000 3.237e-09
341.612000 3.228e-09
341.887000 3.2164e-09
342.162000 3.1944e-09
342.437000 3.2044e-09
342.712000 3.226e-09
342.986000 3.2317e-09
343.261000 3.2198e-09
343.536000 3.2032e-09
343.811000 3.1966e-09
344.086000 3.1638e-09
344.361000 3.1533e-09
344.635000 3.1763e-09
344.910000 3.1943e-09
345.185000 3.2115e-09
345.460000 3.2059e-09
345.735000 3.1876e-09
346.010000 3.1597e-09
346.284000 3.1554e-09
346.559000 3.1799e-09
346.834000 3.1798e-09
347.109000 3.1779e-09
347.384000 3.1393e-09
347.659000 3.1342e-09
347.933000 3.1508e-09
348.208000 3.1507e-09
348.483000 3.1323e-09
348.758000 3.1296e-09
349.033000 3.1163e-09
349.308000 3.12e-09
349.582000 3.1214e-09
349.857000 3.1344e-09
350.132000 3.1324e-09
350.407000 3.1218e-09
350.682000 3.1122e-09
350.957000 3.1096e-09
351.232000 3.1024e-09
351.506000 3.1089e-09
351.781000 3.1355e-09
352.056000 3.1427e-09
352.331000 3.1359e-09
352.606000 3.1328e-09
352.881000 3.1201e-09
353.156000 3.1149e-09
353.430000 3.1067e-09
353.705000 3.1151e-09
353.980000 3.118e-09
354.255000 3.1262e-09
354.530000 3.1236e-09
354.805000 3.1304e-09
355.080000 3.1344e-09
355.355000 3.1219e-09
355.629000 3.1e-09
355.904000 3.1014e-09
356.179000 3.1083e-09
356.454000 3.0905e-09
356.729000 3.0721e-09
357.004000 3.0623e-09
357.279000 3.0481e-09
357.554000 3.0619e-09
357.828000 3.0615e-09
358.103000 3.0539e-09
358.378000 3.0387e-09
358.653000 3.0439e-09
358.928000 3.0612e-09
359.203000 3.0622e-09
359.478000 3.0624e-09
359.753000 3.0667e-09
360.028000 3.0611e-09
360.302000 3.0482e-09
360.577000 3.0436e-09
360.852000 3.0419e-09
361.127000 3.0389e-09
361.402000 3.0363e-09
361.677000 3.0413e-09
361.952000 3.0402e-09
362.227000 3.0443e-09
362.502000 3.0403e-09
362.777000 3.0376e-09
363.051000 3.0234e-09
363.326000 3.021e-09
363.601000 3.0342e-09
363.876000 3.0364e-09
364.151000 3.0261e-09
364.426000 3.0286e-09
364.701000 3.03e-09
364.976000 3.0231e-09
365.251000 3.0165e-09
365.526000 3.0173e-09
365.800000 3.0225e-09
366.075000 3.016e-09
366.350000 3.0179e-09
366.625000 3.0309e-09
366.900000 3.0176e-09
367.175000 3.008e-09
367.450000 3.006e-09
367.725000 2.9998e-09
368.000000 2.9906e-09
368.275000 2.991e-09
368.550000 2.9774e-09
368.825000 2.9749e-09
369.099000 3.0074e-09
369.374000 3.033e-09
369.649000 3.0252e-09
369.924000 3.0584e-09
370.199000 3.0733e-09
370.474000 2.9934e-09
370.749000 3.1212e-09
371.024000 3.0952e-09
371.299000 3.0179e-09
371.574000 3.2819e-09
371.849000 3.3519e-09
372.124000 3.0618e-09
372.399000 3.1081e-09
372.673000 3.5567e-09
372.948000 3.7372e-09
373.223000 3.3853e-09
373.498000 3.0345e-09
373.773000 3.3538e-09
374.048000 3.9773e-09
374.323000 4.2471e-09
374.598000 3.9271e-09
374.873000 3.3116e-09
375.148000 3.0993e-09
375.423000 3.6506e-09
375.698000 4.348e-09
375.973000 4.7556e-09
376.248000 4.7943e-09
376.523000 4.4293e-09
376.797000 3.7429e-09
377.072000 3.1834e-09
377.347000 3.4343e-09
377.622000 4.2735e-09
377.897000 5.1312e-09
378.172000 5.7482e-09
378.447000 6.0391e-09
378.722000 5.9421e-09
378.997000 5.4984e-09
379.272000 4.7456e-09
379.547000 3.8564e-09
379.822000 3.279e-09
380.097000 3.5865e-09
380.372000 4.4496e-09
380.647000 5.3343e-09
380.922000 6.1234e-09
381.197000 6.6984e-09
381.471000 6.9716e-09
381.746000 7.1564e-09
382.021000 7.0559e-09
382.296000 6.7211e-09
382.571000 6.1333e-09
382.846000 5.347e-09
383.121000 4.4388e-09
383.396000 3.5924e-09
383.671000 3.2834e-09
383.946000 3.8407e-09
384.221000 4.7815e-09
384.496000 5.7299e-09
384.771000 6.5236e-09
385.046000 7.1322e-09
385.321000 7.5844e-09
385.596000 7.8415e-09
385.871000 8.0398e-09
386.146000 8.1453e-09
386.421000 8.1904e-09
386.696000 8.1623e-09
386.970000 8.0268e-09
387.245000 7.7254e-09
387.520000 7.2941e-09
387.795000 6.6988e-09
388.070000 5.9392e-09
388.345000 5.0683e-09
388.620000 4.118e-09
388.895000 3.4153e-09
389.170000 3.5566e-09
389.445000 4.3401e-09
389.720000 5.247e-09
389.995000 6.0595e-09
390.270000 6.7703e-09
390.545000 7.3516e-09
390.820000 7.8119e-09
391.095000 8.1282e-09
391.370000 8.2855e-09
391.645000 8.4402e-09
391.920000 8.5839e-09
392.195000 8.6472e-09
392.470000 8.6966e-09
392.745000 8.6704e-09
393.020000 8.47e-09
393.294000 8.0122e-09
393.569000 7.9524e-09
393.844000 8.3463e-09
394.119000 8.4684e-09
394.394000 8.3749e-09
394.669000 8.2091e-09
394.944000 7.9974e-09
395.219000 7.7048e-09
395.494000 7.2976e-09
395.769000 6.7638e-09
396.044000 6.0984e-09
396.319000 5.3106e-09
396.594000 4.4207e-09
396.869000 3.5516e-09
397.144000 3.2896e-09
397.419000 3.8359e-09
397.694000 4.7118e-09
397.969000 5.5358e-09
398.244000 6.2646e-09
398.519000 6.8512e-09
398.794000 7.2943e-09
399.069000 7.6691e-09
399.344000 7.9481e-09
399.619000 8.1044e-09
399.894000 8.2443e-09
400.169000 8.3437e-09
400.444000 8.4134e-09
400.718000 8.4713e-09
400.993000 8.5258e-09
401.268000 8.5418e-09
401.543000 8.5385e-09
401.818000 8.5901e-09
402.093000 8.5836e-09
402.368000 8.562e-09
402.643000 8.5407e-09
402.918000 8.5265e-09
403.193000 8.5468e-09
403.468000 8.5569e-09
403.743000 8.578e-09
404.018000 8.542e-09
404.293000 8.4813e-09
404.568000 8.4372e-09
404.843000 8.4256e-09
405.118000 8.4207e-09
405.393000 8.3813e-09
405.668000 8.3303e-09
405.943000 8.2602e-09
406.218000 8.172e-09
406.493000 8.136e-09
406.768000 8.0914e-09
407.043000 7.9771e-09
407.318000 7.8761e-09
407.593000 7.7677e-09
407.867000 7.608e-09
408.142000 7.4106e-09
408.417000 7.1196e-09
408.692000 6.7266e-09
408.967000 6.2411e-09
409.242000 5.6356e-09
409.517000 4.9261e-09
409.792000 4.1109e-09
410.067000 3.3927e-09
410.342000 3.2498e-09
410.617000 3.7929e-09
410.892000 4.5221e-09
411.167000 5.2365e-09
411.442000 5.8466e-09
411.717000 6.3357e-09
411.992000 6.7294e-09
412.267000 7.0403e-09
412.542000 7.2599e-09
412.817000 7.385e-09
413.092000 7.5132e-09
413.367000 7.6384e-09
413.642000 7.7729e-09
413.917000 7.8327e-09
414.192000 7.8853e-09
414.466000 7.8801e-09
414.741000 7.9213e-09
415.016000 7.9254e-09
415.291000 7.9345e-09
415.566000 7.9331e-09
415.841000 7.9628e-09
416.116000 7.9518e-09
416.391000 7.8936e-09
416.666000 7.9066e-09
416.941000 7.9013e-09
417.216000 7.856e-09
417.491000 7.8095e-09
417.766000 7.8015e-09
418.041000 7.8196e-09
418.316000 7.8395e-09
418.591000 7.8589e-09
418.866000 7.8564e-09
419.141000 7.8432e-09
419.416000 7.8266e-09
419.691000 7.7971e-09
419.965000 7.7787e-09
420.240000 7.7681e-09
420.515000 7.7462e-09
420.790000 7.7662e-09
421.065000 7.7602e-09
421.340000 7.7222e-09
421.615000 7.6937e-09
421.890000 7.6902e-09
422.165000 7.6849e-09
422.440000 7.6423e-09
422.715000 7.5749e-09
422.990000 7.5835e-09
423.265000 7.5386e-09
423.540000 7.5399e-09
423.815000 7.5822e-09
424.090000 7.5724e-09
424.365000 7.5377e-09
424.640000 7.5048e-09
424.914000 7.4921e-09
425.189000 7.4636e-09
425.464000 7.463e-09
425.739000 7.4674e-09
426.014000 7.4547e-09
426.289000 7.4324e-09
426.564000 7.4133e-09
426.839000 7.4036e-09
427.114000 7.3533e-09
427.389000 7.3294e-09
427.664000 7.3277e-09
427.939000 7.2889e-09
428.214000 7.2787e-09
428.489000 7.2693e-09
428.764000 7.2548e-09
429.038000 7.1814e-09
429.313000 7.135e-09
429.588000 7.0867e-09
429.863000 7.0161e-09
430.138000 6.9049e-09
430.413000 6.8825e-09
430.688000 6.8529e-09
430.963000 6.7817e-09
431.238000 6.6975e-09
431.513000 6.5521e-09
431.788000 6.4269e-09
432.063000 6.2453e-09
432.338000 6.0065e-09
432.612000 5.6621e-09
432.887000 5.2007e-09
433.162000 4.7903e-09
433.437000 4.2378e-09
433.712000 3.5817e-09
433.987000 3.0051e-09
434.262000 2.9352e-09
434.537000 3.4174e-09
434.812000 4.0328e-09
435.087000 4.575e-09
435.362000 5.0562e-09
435.637000 5.4798e-09
435.911000 5.8198e-09
436.186000 6.0657e-09
436.461000 6.2239e-09
436.736000 6.3595e-09
437.011000 6.4544e-09
437.286000 6.568e-09
437.561000 6.6281e-09
437.836000 6.6803e-09
438.111000 6.7127e-09
438.386000 6.654e-09
438.661000 6.6475e-09
438.935000 6.7015e-09
439.210000 6.7306e-09
439.485000 6.7203e-09
439.760000 6.7264e-09
440.035000 6.7492e-09
440.310000 6.7582e-09
440.585000 6.7658e-09
440.860000 6.7959e-09
441.135000 6.7916e-09
441.410000 6.7703e-09
441.684000 6.7302e-09
441.959000 6.72e-09
442.234000 6.757e-09
442.509000 6.7723e-09
442.784000 6.7555e-09
443.059000 6.7383e-09
443.334000 6.7443e-09
443.609000 6.7155e-09
443.884000 6.6958e-09
444.158000 6.686e-09
444.433000 6.6344e-09
444.708000 6.6281e-09
444.983000 6.6321e-09
445.258000 6.6369e-09
445.533000 6.6079e-09
445.808000 6.585e-09
446.083000 6.5706e-09
446.357000 6.5629e-09
446.632000 6.5413e-09
446.907000 6.4964e-09
447.182000 6.4642e-09
447.457000 6.4741e-09
447.732000 6.4542e-09
448.007000 6.3688e-09
448.282000 6.2396e-09
448.556000 6.3719e-09
448.831000 6.444e-09
449.106000 6.4252e-09
449.381000 6.4218e-09
449.656000 6.4497e-09
449.931000 6.4391e-09
450.206000 6.3968e-09
450.480000 6.401e-09
450.755000 6.3958e-09
451.030000 6.3872e-09
451.305000 6.3864e-09
451.580000 6.3634e-09
451.855000 6.3354e-09
452.130000 6.3022e-09
452.404000 6.2641e-09
452.679000 6.2801e-09
452.954000 6.2776e-09
453.229000 6.2839e-09
453.504000 6.2302e-09
453.779000 6.2492e-09
454.054000 6.2743e-09
454.328000 6.2487e-09
454.603000 6.2182e-09
454.878000 6.1574e-09
455.153000 6.0861e-09
455.428000 6.1232e-09
455.703000 6.1073e-09
455.977000 6.1054e-09
456.252000 6.1374e-09
456.527000 6.1253e-09
456.802000 6.1173e-09
457.077000 6.1154e-09
457.352000 6.0837e-09
457.626000 6.0806e-09
457.901000 6.1068e-09
458.176000 6.0845e-09
458.451000 6.0179e-09
458.726000 6.0333e-09
459.000000 6.0351e-09
459.275000 6.0458e-09
459.550000 6.0523e-09
459.825000 6.0292e-09
460.100000 6.0555e-09
460.375000 6.056e-09
460.649000 6.0274e-09
460.924000 5.9821e-09
461.199000 6.0014e-09
461.474000 6.0149e-09
461.749000 5.9731e-09
462.023000 5.9574e-09
462.298000 5.9639e-09
462.573000 5.9754e-09
462.848000 5.9438e-09
463.123000 5.9167e-09
463.397000 5.8996e-09
463.672000 5.913e-09
463.947000 5.9145e-09
464.222000 5.9045e-09
464.497000 5.8905e-09
464.771000 5.8697e-09
465.046000 5.8776e-09
465.321000 5.8594e-09
465.596000 5.8499e-09
465.871000 5.8282e-09
466.145000 5.8256e-09
466.420000 5.8108e-09
466.695000 5.7905e-09
466.970000 5.7964e-09
467.244000 5.7963e-09
467.519000 5.7902e-09
467.794000 5.7816e-09
468.069000 5.7681e-09
468.344000 5.7477e-09
468.618000 5.744e-09
468.893000 5.73e-09
469.168000 5.7307e-09
469.443000 5.7197e-09
469.717000 5.6934e-09
469.992000 5.6802e-09
470.267000 5.6768e-09
470.542000 5.6707e-09
470.816000 5.665e-09
471.091000 5.6576e-09
471.366000 5.63e-09
471.641000 5.599e-09
471.915000 5.5986e-09
472.190000 5.6022e-09
472.465000 5.5701e-09
472.740000 5.583e-09
473.014000 5.5673e-09
473.289000 5.5567e-09
473.564000 5.5442e-09
473.839000 5.5225e-09
474.113000 5.5197e-09
474.388000 5.52e-09
474.663000 5.5042e-09
474.938000 5.4883e-09
475.212000 5.4811e-09
475.487000 5.4614e-09
475.762000 5.4651e-09
476.036000 5.4615e-09
476.311000 5.4488e-09
476.586000 5.415e-09
476.861000 5.4163e-09
477.135000 5.4107e-09
477.410000 5.4027e-09
477.685000 5.3931e-09
477.959000 5.3826e-09
478.234000 5.3847e-09
478.509000 5.3474e-09
478.784000 5.3206e-09
479.058000 5.3001e-09
479.333000 5.2823e-09
479.608000 5.2779e-09
479.882000 5.2707e-09
480.157000 5.2435e-09
480.432000 5.215e-09
480.706000 5.2027e-09
480.981000 5.1707e-09
481.256000 5.1505e-09
481.531000 5.1157e-09
481.805000 5.0874e-09
482.080000 5.0603e-09
482.355000 5.0216e-09
482.629000 4.9639e-09
482.904000 4.9342e-09
483.179000 4.8948e-09
483.453000 4.8205e-09
483.728000 4.7505e-09
484.003000 4.5962e-09
484.277000 4.4555e-09
484.552000 4.2687e-09
484.827000 4.0138e-09
485.101000 3.7381e-09
485.376000 3.4104e-09
485.651000 3.0252e-09
485.925000 2.6052e-09
486.200000 2.3284e-09
486.475000 2.498e-09
486.749000 2.8838e-09
487.024000 3.261e-09
487.299000 3.5692e-09
487.573000 3.8451e-09
487.848000 4.0793e-09
488.122000 4.2815e-09
488.397000 4.4324e-09
488.672000 4.5431e-09
488.946000 4.6113e-09
489.221000 4.6717e-09
489.496000 4.7376e-09
489.770000 4.7835e-09
490.045000 4.8189e-09
490.319000 4.8449e-09
490.594000 4.8683e-09
490.869000 4.8549e-09
491.143000 4.8719e-09
491.418000 4.8741e-09
491.693000 4.881e-09
491.967000 4.8544e-09
492.242000 4.8434e-09
492.516000 4.8276e-09
492.791000 4.874e-09
493.066000 4.8892e-09
493.340000 4.8849e-09
493.615000 4.8681e-09
493.889000 4.8815e-09
494.164000 4.8621e-09
494.439000 4.8621e-09
494.713000 4.8702e-09
494.988000 4.8737e-09
495.262000 4.8519e-09
495.537000 4.8336e-09
495.812000 4.8384e-09
496.086000 4.8331e-09
496.361000 4.8293e-09
496.635000 4.8156e-09
496.910000 4.8088e-09
497.184000 4.8147e-09
497.459000 4.8169e-09
497.734000 4.7985e-09
498.008000 4.8053e-09
498.283000 4.7812e-09
498.557000 4.7755e-09
498.832000 4.7654e-09
499.106000 4.7539e-09
499.381000 4.7599e-09
499.655000 4.7433e-09
499.930000 4.7407e-09
500.205000 4.7184e-09
500.479000 4.7118e-09
500.754000 4.7261e-09
501.028000 4.7206e-09
501.303000 4.6903e-09
501.577000 4.664e-09
501.852000 4.6251e-09
502.126000 4.6362e-09
502.401000 4.6704e-09
502.675000 4.685e-09
502.950000 4.675e-09
503.224000 4.6568e-09
503.499000 4.6437e-09
503.773000 4.6279e-09
504.048000 4.6179e-09
504.322000 4.6164e-09
504.597000 4.6116e-09
504.871000 4.6031e-09
505.146000 4.5804e-09
505.420000 4.5698e-09
505.695000 4.5369e-09
505.969000 4.5391e-09
506.244000 4.5533e-09
506.518000 4.5568e-09
506.793000 4.5586e-09
507.067000 4.5526e-09
507.342000 4.5268e-09
507.616000 4.5385e-09
507.891000 4.5462e-09
508.165000 4.5363e-09
508.440000 4.5316e-09
508.714000 4.5225e-09
508.989000 4.5028e-09
509.263000 4.4975e-09
509.538000 4.4791e-09
509.812000 4.465e-09
510.087000 4.4633e-09
510.361000 4.4605e-09
510.635000 4.4578e-09
510.910000 4.4555e-09
511.184000 4.4555e-09
511.459000 4.443e-09
511.733000 4.437e-09
512.008000 4.4323e-09
512.282000 4.4204e-09
512.557000 4.4098e-09
512.831000 4.402e-09
513.105000 4.394e-09
513.380000 4.3861e-09
513.654000 4.3791e-09
513.929000 4.3677e-09
514.203000 4.3679e-09
514.478000 4.3505e-09
514.752000 4.347e-09
515.026000 4.3368e-09
515.301000 4.3226e-09
515.575000 4.3109e-09
515.850000 4.3029e-09
516.124000 4.2944e-09
516.398000 4.2662e-09
516.673000 4.2149e-09
516.947000 4.1566e-09
517.222000 4.1728e-09
517.496000 4.2104e-09
517.770000 4.2342e-09
518.045000 4.2256e-09
518.319000 4.1872e-09
518.593000 4.1814e-09
518.868000 4.2007e-09
519.142000 4.2097e-09
519.417000 4.2143e-09
519.691000 4.1996e-09
519.965000 4.2024e-09
520.240000 4.2084e-09
520.514000 4.2082e-09
520.788000 4.1895e-09
521.063000 4.1804e-09
521.337000 4.1838e-09
521.611000 4.1774e-09
521.886000 4.1725e-09
522.160000 4.1681e-09
522.434000 4.1447e-09
522.709000 4.1279e-09
522.983000 4.106e-09
523.257000 4.1024e-09
523.532000 4.0912e-09
523.806000 4.094e-09
524.080000 4.107e-09
524.355000 4.1066e-09
524.629000 4.0969e-09
524.903000 4.0904e-09
525.178000 4.0967e-09
525.452000 4.1056e-09
525.726000 4.086e-09
526.001000 4.0704e-09
526.275000 4.0531e-09
526.549000 4.0275e-09
526.823000 4.0238e-09
527.098000 4.0218e-09
527.372000 4.01e-09
527.646000 3.9988e-09
527.921000 4.0061e-09
528.195000 4.0078e-09
528.469000 3.9973e-09
528.743000 3.9999e-09
529.018000 4.0016e-09
529.292000 3.9893e-09
529.566000 3.9853e-09
529.840000 3.972e-09
530.458000 3.96845e-09
530.989000 3.94859e-09
531.521000 3.91798e-09
532.054000 3.90227e-09
532.588000 3.89647e-09
533.122000 3.88241e-09
533.656000 3.87414e-09
534.191000 3.87166e-09
534.727000 3.87497e-09
535.263000 3.87083e-09
535.799000 3.85594e-09
536.337000 3.83195e-09
536.874000 3.81457e-09
537.412000 3.81127e-09
537.951000 3.80547e-09
538.490000 3.79224e-09
539.030000 3.78397e-09
539.571000 3.76907e-09
540.112000 3.74756e-09
540.653000 3.73019e-09
541.195000 3.72606e-09
541.738000 3.72109e-09
542.281000 3.71116e-09
542.824000 3.69627e-09
543.369000 3.68966e-09
543.913000 3.68469e-09
544.458000 3.67559e-09
545.004000 3.66318e-09
545.551000 3.65077e-09
546.098000 3.64002e-09
546.645000 3.63092e-09
547.193000 3.62182e-09
547.742000 3.60858e-09
548.291000 3.59866e-09
548.840000 3.58873e-09
549.391000 3.5788e-09
549.941000 3.56887e-09
550.493000 3.55564e-09
551.044000 3.54654e-09
551.597000 3.54075e-09
552.150000 3.52916e-09
552.704000 3.50931e-09
553.258000 3.49525e-09
553.812000 3.49111e-09
554.367000 3.48532e-09
554.923000 3.47539e-09
555.479000 3.46546e-09
556.036000 3.45554e-09
556.594000 3.44395e-09
557.152000 3.43072e-09
557.710000 3.42162e-09
558.269000 3.41252e-09
558.829000 3.39928e-09
559.389000 3.39184e-09
559.950000 3.38439e-09
560.512000 3.37529e-09
561.073000 3.36536e-09
561.636000 3.35213e-09
562.199000 3.3422e-09
562.762000 3.33475e-09
563.327000 3.32648e-09
563.891000 3.31655e-09
564.457000 3.3058e-09
565.023000 3.29504e-09
565.589000 3.28264e-09
566.156000 3.27105e-09
566.724000 3.26444e-09
567.292000 3.25699e-09
567.860000 3.24789e-09
568.430000 3.23714e-09
569.000000 3.22721e-09
569.570000 3.21811e-09
570.141000 3.20901e-09
570.712000 3.19908e-09
571.285000 3.18915e-09
571.857000 3.18088e-09
572.431000 3.17178e-09
573.004000 3.16268e-09
573.579000 3.15358e-09
574.154000 3.14365e-09
574.730000 3.1329e-09
575.306000 3.12214e-09
575.883000 3.11387e-09
576.460000 3.10477e-09
577.038000 3.09567e-09
577.616000 3.08574e-09
578.195000 3.07582e-09
578.775000 3.06672e-09
579.355000 3.05844e-09
579.936000 3.04934e-09
580.517000 3.04024e-09
581.099000 3.03114e-09
581.682000 3.02204e-09
582.265000 3.01294e-09
582.849000 3.00384e-09
583.433000 2.99474e-09
584.018000 2.98647e-09
584.603000 2.9782e-09
585.190000 2.96827e-09
585.776000 2.95834e-09
586.363000 2.94924e-09
586.951000 2.94014e-09
587.540000 2.92939e-09
588.129000 2.91863e-09
588.718000 2.90126e-09
589.308000 2.88223e-09
589.899000 2.87975e-09
590.490000 2.88389e-09
591.083000 2.87892e-09
591.675000 2.87065e-09
592.268000 2.86321e-09
592.862000 2.85411e-09
593.456000 2.84501e-09
594.051000 2.83756e-09
594.647000 2.82846e-09
595.243000 2.81771e-09
595.840000 2.80695e-09
596.437000 2.80033e-09
597.035000 2.79371e-09
597.633000 2.78296e-09
598.233000 2.77303e-09
598.832000 2.76641e-09
599.433000 2.75897e-09
600.034000 2.75152e-09
600.635000 2.74325e-09
601.237000 2.7325e-09
601.840000 2.72422e-09
602.443000 2.71761e-09
603.047000 2.71016e-09
603.652000 2.70354e-09
604.257000 2.69444e-09
604.863000 2.68534e-09
605.469000 2.6779e-09
606.076000 2.67045e-09
606.684000 2.66218e-09
607.292000 2.65473e-09
607.901000 2.64646e-09
608.510000 2.63736e-09
609.120000 2.62991e-09
609.731000 2.62247e-09
610.342000 2.6142e-09
610.954000 2.60592e-09
611.566000 2.59848e-09
612.179000 2.58938e-09
612.793000 2.5811e-09
613.408000 2.57283e-09
614.023000 2.56373e-09
614.638000 2.55132e-09
615.254000 2.53643e-09
615.871000 2.52402e-09
616.488000 2.52485e-09
617.106000 2.52568e-09
617.725000 2.51906e-09
618.344000 2.51244e-09
618.964000 2.50582e-09
619.585000 2.49838e-09
620.206000 2.4901e-09
620.828000 2.48349e-09
621.450000 2.47604e-09
622.073000 2.46777e-09
622.697000 2.45949e-09
623.321000 2.44874e-09
623.946000 2.43716e-09
624.571000 2.4264e-09
625.198000 2.42227e-09
625.824000 2.42061e-09
626.452000 2.41565e-09
627.080000 2.4082e-09
627.708000 2.40159e-09
628.338000 2.39414e-09
628.967000 2.38669e-09
629.598000 2.37842e-09
630.229000 2.37098e-09
630.861000 2.36353e-09
631.494000 2.35526e-09
632.127000 2.34698e-09
632.760000 2.34202e-09
633.395000 2.33375e-09
634.029000 2.32217e-09
634.665000 2.30479e-09
635.301000 2.30148e-09
635.938000 2.30397e-09
636.576000 2.29487e-09
637.214000 2.2808e-09
637.853000 2.27749e-09
638.492000 2.27584e-09
639.132000 2.27005e-09
639.773000 2.2626e-09
640.415000 2.25516e-09
641.056000 2.24688e-09
641.699000 2.23861e-09
642.342000 2.23199e-09
642.986000 2.2262e-09
643.631000 2.21793e-09
644.276000 2.21048e-09
644.922000 2.20138e-09
645.569000 2.18732e-09
646.216000 2.18153e-09
646.864000 2.17987e-09
647.512000 2.17326e-09
648.161000 2.16416e-09
648.811000 2.1534e-09
649.462000 2.14182e-09
650.112000 2.13107e-09
650.764000 2.11948e-09
651.417000 2.10211e-09
652.070000 2.07977e-09
652.723000 2.05165e-09
653.378000 2.00863e-09
654.033000 1.93831e-09
654.688000 1.82249e-09
655.345000 1.63139e-09
656.002000 1.38486e-09
656.659000 1.31785e-09
657.318000 1.52219e-09
657.977000 1.73645e-09
658.636000 1.86468e-09
659.297000 1.93583e-09
659.958000 1.97471e-09
660.619000 1.99539e-09
661.281000 2.00615e-09
661.944000 2.01111e-09
662.608000 2.01194e-09
663.272000 2.01111e-09
663.937000 2.00863e-09
664.603000 2.00532e-09
665.269000 2.00118e-09
665.936000 1.99622e-09
666.604000 1.99126e-09
667.272000 1.98629e-09
667.941000 1.9805e-09
668.610000 1.97554e-09
669.281000 1.97057e-09
669.952000 1.96561e-09
670.623000 1.95982e-09
671.296000 1.95403e-09
671.969000 1.94741e-09
672.642000 1.93996e-09
673.317000 1.93583e-09
673.992000 1.93086e-09
674.667000 1.92507e-09
675.344000 1.91846e-09
676.021000 1.91349e-09
676.698000 1.9077e-09
677.377000 1.90191e-09
678.056000 1.89612e-09
678.735000 1.89033e-09
679.416000 1.88454e-09
680.097000 1.87957e-09
680.779000 1.87378e-09
681.461000 1.86799e-09
682.144000 1.86137e-09
682.828000 1.85558e-09
683.513000 1.84979e-09
684.198000 1.84483e-09
684.884000 1.83904e-09
685.571000 1.83325e-09
686.258000 1.82745e-09
686.946000 1.82249e-09
687.635000 1.8167e-09
688.324000 1.81091e-09
689.014000 1.80595e-09
689.705000 1.80015e-09
690.396000 1.79436e-09
691.088000 1.78857e-09
691.781000 1.78361e-09
692.475000 1.77782e-09
693.169000 1.77285e-09
693.864000 1.76706e-09
694.559000 1.7621e-09
695.256000 1.75631e-09
695.952000 1.75052e-09
696.650000 1.74555e-09
697.349000 1.73976e-09
698.048000 1.7348e-09
698.748000 1.72984e-09
699.448000 1.72322e-09
700.149000 1.7166e-09
700.851000 1.71164e-09
701.554000 1.7075e-09
702.257000 1.70171e-09
702.961000 1.69675e-09
703.666000 1.69178e-09
704.371000 1.68682e-09
705.077000 1.68185e-09
705.784000 1.67689e-09
706.492000 1.6711e-09
707.200000 1.66614e-09
707.909000 1.66117e-09
708.619000 1.65621e-09
709.329000 1.65124e-09
710.040000 1.64545e-09
710.752000 1.63635e-09
711.464000 1.62643e-09
712.178000 1.62394e-09
712.892000 1.62312e-09
713.606000 1.61981e-09
714.322000 1.61484e-09
715.038000 1.60988e-09
715.755000 1.60409e-09
716.472000 1.59913e-09
717.190000 1.59499e-09
717.909000 1.59003e-09
718.629000 1.58506e-09
719.350000 1.5801e-09
720.071000 1.57514e-09
720.793000 1.57017e-09
721.515000 1.56521e-09
722.238000 1.56024e-09
722.962000 1.55528e-09
723.687000 1.55114e-09
724.413000 1.54618e-09
725.139000 1.54122e-09
725.866000 1.53625e-09
726.594000 1.53212e-09
727.322000 1.52715e-09
728.051000 1.52219e-09
728.781000 1.51723e-09
729.512000 1.51226e-09
730.243000 1.50813e-09
730.975000 1.50234e-09
731.708000 1.4982e-09
732.442000 1.49406e-09
733.176000 1.48993e-09
733.911000 1.48579e-09
734.646000 1.48083e-09
735.383000 1.47586e-09
736.120000 1.47173e-09
736.858000 1.46676e-09
737.597000 1.46263e-09
738.336000 1.45766e-09
739.077000 1.4527e-09
739.817000 1.44856e-09
740.559000 1.4436e-09
741.302000 1.43863e-09
742.045000 1.43284e-09
742.788000 1.42788e-09
743.533000 1.42374e-09
744.279000 1.41961e-09
745.025000 1.41547e-09
745.772000 1.41133e-09
746.519000 1.40554e-09
747.268000 1.39975e-09
748.017000 1.39562e-09
748.767000 1.39231e-09
749.517000 1.38983e-09
750.269000 1.38569e-09
751.021000 1.38073e-09
751.774000 1.37576e-09
752.527000 1.37245e-09
753.282000 1.36914e-09
754.037000 1.36501e-09
754.793000 1.36087e-09
755.550000 1.35673e-09
756.307000 1.3526e-09
757.065000 1.34763e-09
757.824000 1.3435e-09
758.584000 1.33936e-09
759.344000 1.33523e-09
760.106000 1.33192e-09
760.868000 1.32695e-09
761.630000 1.32282e-09
762.394000 1.31868e-09
763.158000 1.31454e-09
763.923000 1.31041e-09
764.689000 1.30627e-09
765.456000 1.30131e-09
766.223000 1.29717e-09
766.991000 1.29303e-09
767.760000 1.28972e-09
768.530000 1.28559e-09
769.300000 1.28145e-09
770.071000 1.27732e-09
770.844000 1.27318e-09
771.616000 1.26822e-09
772.390000 1.26573e-09
773.164000 1.2616e-09
773.939000 1.25829e-09
774.715000 1.25415e-09
775.492000 1.25002e-09
776.269000 1.2434e-09
777.047000 1.22685e-09
777.826000 1.21858e-09
778.606000 1.22768e-09
779.387000 1.23016e-09
780.168000 1.22685e-09
780.950000 1.22272e-09
781.733000 1.21941e-09
782.517000 1.21527e-09
783.301000 1.21031e-09
784.087000 1.20617e-09
784.873000 1.20203e-09
785.659000 1.19872e-09
786.447000 1.19459e-09
787.235000 1.19045e-09
788.025000 1.18549e-09
788.815000 1.18135e-09
789.605000 1.17556e-09
790.397000 1.17225e-09
791.189000 1.17225e-09
791.983000 1.16977e-09
792.777000 1.16646e-09
793.571000 1.1615e-09
794.367000 1.15653e-09
795.163000 1.1524e-09
795.960000 1.15074e-09
796.758000 1.14826e-09
797.557000 1.1433e-09
798.356000 1.13668e-09
799.157000 1.13089e-09
799.958000 1.12923e-09
800.760000 1.12923e-09
801.563000 1.12592e-09
802.366000 1.12261e-09
803.171000 1.11931e-09
803.976000 1.116e-09
804.782000 1.11186e-09
805.589000 1.10855e-09
806.396000 1.10524e-09
807.205000 1.10193e-09
808.014000 1.0978e-09
808.824000 1.09449e-09
809.635000 1.09118e-09
810.446000 1.08787e-09
811.259000 1.08456e-09
812.072000 1.08125e-09
812.886000 1.07794e-09
813.701000 1.07463e-09
814.517000 1.07132e-09
815.333000 1.06801e-09
816.151000 1.06388e-09
816.969000 1.06057e-09
817.788000 1.05643e-09
818.608000 1.05147e-09
819.429000 1.04733e-09
820.250000 1.04402e-09
821.072000 1.04071e-09
821.896000 1.03658e-09
822.720000 1.0341e-09
823.544000 1.03161e-09
824.370000 1.02913e-09
825.196000 1.02582e-09
826.024000 1.025e-09
826.852000 1.02334e-09
827.681000 1.02086e-09
828.510000 1.01755e-09
829.341000 1.01424e-09
830.172000 1.01176e-09
831.005000 1.00928e-09
831.838000 1.00597e-09
832.672000 1.00183e-09
833.506000 9.96042e-10
834.342000 9.94387e-10
835.178000 9.9356e-10
836.016000 9.90251e-10
836.854000 9.86942e-10
837.693000 9.83632e-10
838.532000 9.79496e-10
839.373000 9.76187e-10
840.215000 9.72878e-10
841.057000 9.67914e-10
841.900000 9.64605e-10
842.744000 9.61296e-10
843.589000 9.52196e-10
844.435000 9.43096e-10
845.281000 9.43923e-10
846.129000 9.39787e-10
846.977000 9.29859e-10
847.826000 9.38132e-10
848.676000 9.42268e-10
849.527000 9.19105e-10
850.378000 8.95941e-10
851.231000 9.11659e-10
852.084000 9.3565e-10
852.938000 9.32341e-10
853.793000 8.90977e-10
854.649000 8.51268e-10
855.506000 8.76914e-10
856.364000 9.22414e-10
857.222000 9.40614e-10
858.082000 9.27378e-10
858.942000 8.75259e-10
859.803000 8.13792e-10
860.665000 8.28104e-10
861.528000 8.94286e-10
862.391000 9.3565e-10
863.256000 9.47232e-10
864.121000 9.38132e-10
864.988000 8.95941e-10
865.855000 8.11476e-10
866.723000 7.53401e-10
867.592000 8.03203e-10
868.462000 8.84359e-10
869.332000 9.33169e-10
870.204000 9.54678e-10
871.076000 9.59641e-10
871.949000 9.49714e-10
872.823000 9.19105e-10
873.698000 8.5375e-10
874.574000 7.58199e-10
875.451000 7.18821e-10
876.329000 7.88064e-10
877.207000 8.73605e-10
878.087000 9.25723e-10
878.967000 9.52196e-10
879.848000 9.6295e-10
880.730000 9.63778e-10
881.613000 9.59641e-10
882.497000 9.45578e-10
883.382000 9.18278e-10
884.267000 8.70295e-10
885.154000 7.9187e-10
886.041000 7.02524e-10
886.929000 6.9574e-10
887.818000 7.78633e-10
888.708000 8.55404e-10
889.599000 9.00905e-10
890.491000 9.24068e-10
891.384000 9.33996e-10
892.278000 9.38132e-10
893.172000 9.39787e-10
894.067000 9.40614e-10
894.964000 9.38132e-10
895.861000 9.30687e-10
896.759000 9.19932e-10
897.658000 9.02559e-10
898.558000 8.74432e-10
899.459000 8.27277e-10
900.360000 7.50754e-10
901.263000 6.648e-10
902.167000 6.59753e-10
903.071000 7.39337e-10
903.976000 8.11724e-10
904.883000 8.52095e-10
905.790000 8.69468e-10
906.698000 8.77741e-10
907.607000 8.86014e-10
908.517000 8.86014e-10
909.427000 8.83532e-10
910.339000 8.86014e-10
911.252000 8.86841e-10
912.165000 8.86014e-10
913.080000 8.86014e-10
913.995000 8.83532e-10
914.911000 8.79396e-10
915.829000 8.73605e-10
916.747000 8.66986e-10
917.666000 8.56232e-10
918.586000 8.42168e-10
919.507000 8.22479e-10
920.428000 7.87981e-10
921.351000 7.28914e-10
922.275000 6.46848e-10
923.199000 6.01927e-10
924.125000 6.5115e-10
925.051000 7.2486e-10
925.979000 7.67465e-10
926.907000 7.92697e-10
927.836000 8.14785e-10
928.766000 8.25292e-10
929.697000 8.28104e-10
930.629000 8.28932e-10
931.562000 8.28932e-10
932.496000 8.27277e-10
933.431000 8.26036e-10
934.367000 8.24133e-10
935.304000 8.21982e-10
936.241000 8.19666e-10
937.180000 8.16936e-10
938.119000 8.13213e-10
939.060000 8.08332e-10
940.001000 8.02624e-10
940.944000 7.96999e-10
941.887000 7.97081e-10
942.831000 7.9766e-10
943.776000 7.95261e-10
944.722000 7.92118e-10
945.670000 7.88478e-10
946.618000 7.8401e-10
947.567000 7.78881e-10
948.517000 7.72263e-10
949.467000 7.63329e-10
950.419000 7.50175e-10
951.372000 7.29576e-10
952.326000 6.95409e-10
953.280000 6.38327e-10
954.236000 5.67264e-10
955.193000 5.51711e-10
956.150000 6.1111e-10
957.109000 6.70839e-10
958.068000 7.05585e-10
959.029000 7.23619e-10
959.990000 7.31644e-10
960.953000 7.35118e-10
961.916000 7.35615e-10
962.880000 7.35118e-10
963.846000 7.36194e-10
964.812000 7.35697e-10
965.779000 7.31892e-10
966.747000 7.31065e-10
967.716000 7.31313e-10
968.687000 7.29576e-10
969.658000 7.2759e-10
970.630000 7.25853e-10
971.603000 7.23702e-10
972.577000 7.2122e-10
973.552000 7.18573e-10
974.528000 7.16174e-10
975.505000 7.14023e-10
976.483000 7.11789e-10
977.462000 7.0939e-10
978.442000 7.06908e-10
979.422000 7.04426e-10
980.404000 7.01945e-10
981.387000 6.9938e-10
982.371000 6.9665e-10
983.356000 6.94251e-10
984.342000 6.91769e-10
985.329000 6.8846e-10
986.316000 6.8573e-10
987.305000 6.84158e-10
988.295000 6.81097e-10
989.286000 6.77126e-10
990.277000 6.7572e-10
991.270000 6.74065e-10
992.264000 6.7117e-10
993.259000 6.67943e-10
994.254000 6.65213e-10
995.251000 6.62732e-10
996.249000 6.59423e-10
997.248000 6.55452e-10
998.247000 6.50322e-10
999.248000 6.43456e-10
