9040.0	0.856128
9045.0	0.893179
9050.0	0.913178
9055.0	0.859252
9060.0	0.918269
9065.0	0.891454
9070.0	0.897597
9075.0	0.882241
9080.0	0.912639
9085.0	0.901918
9090.0	0.908454
9095.0	0.890303
9100.0	0.910752
9105.0	0.919543
9110.0	0.907209
9115.0	0.936357
9120.0	0.9226
9125.0	0.902994
9130.0	0.933516
9135.0	0.907112
9140.0	0.92956
9145.0	0.932293
9150.0	0.912313
9155.0	0.908141
9160.0	0.936953
9165.0	0.936293
9170.0	0.910569
9175.0	0.933033
9180.0	0.921202
9185.0	0.93204
9190.0	0.936594
9195.0	0.934245
9200.0	0.928878
9205.0	0.90654
9210.0	0.925368
9215.0	0.933769
9220.0	0.931419
9225.0	0.933869
9230.0	0.920022
9235.0	0.936389
9240.0	0.935316
9245.0	0.926349
9250.0	0.934268
9255.0	0.923236
9260.0	0.934166
9265.0	0.934607
9270.0	0.934625
9275.0	0.933483
9280.0	0.92465
9285.0	0.933833
9290.0	0.933328
9295.0	0.934067
9300.0	0.933504
9305.0	0.925483
9310.0	0.932866
9315.0	0.932517
9320.0	0.931134
9325.0	0.928837
9330.0	0.929979
9335.0	0.929953
9340.0	0.929483
9345.0	0.92707
9350.0	0.926626
9355.0	0.926717
9360.0	0.925998
9365.0	0.923601
9370.0	0.924832
9375.0	0.924675
9380.0	0.924252
9385.0	0.924415
9390.0	0.92381
9395.0	0.924499
9400.0	0.925023
9405.0	0.925172
9410.0	0.92553
9415.0	0.925655
9420.0	0.92627
9425.0	0.926249
9430.0	0.926553
9435.0	0.926647
9440.0	0.926896
9445.0	0.927212
9450.0	0.927655
9455.0	0.928104
9460.0	0.928532
9465.0	0.928979
9470.0	0.929323
9475.0	0.929718
9480.0	0.930009
9485.0	0.930354
9490.0	0.93054
9495.0	0.930722
9500.0	0.930766
9505.0	0.931033
9510.0	0.93114
9515.0	0.931461
9520.0	0.93144
9525.0	0.931139
9530.0	0.931086
9535.0	0.931888
9540.0	0.931946
9545.0	0.931992
9550.0	0.932025
9555.0	0.932045
9560.0	0.932062
9565.0	0.932084
9570.0	0.932107
9575.0	0.932121
9580.0	0.932126
9585.0	0.932119
9590.0	0.932108
9595.0	0.932102
9600.0	0.932071
9605.0	0.932012
9610.0	0.931926
9615.0	0.931965
9620.0	0.931941
9625.0	0.931901
9630.0	0.931876
9635.0	0.931874
9640.0	0.931696
9645.0	0.931645
9650.0	0.931717
9655.0	0.931741
9660.0	0.93178
9665.0	0.931744
9670.0	0.931706
9675.0	0.931281
9680.0	0.931624
9685.0	0.931587
9690.0	0.931485
9695.0	0.930978
9700.0	0.931204
9705.0	0.931411
9710.0	0.931089
9715.0	0.931028
9720.0	0.930109
9725.0	0.931208
9730.0	0.929807
9735.0	0.930187
9740.0	0.931078
9745.0	0.930416
9750.0	0.930234
9755.0	0.930365
9760.0	0.93088
9765.0	0.927281
9770.0	0.929519
9775.0	0.929073
9780.0	0.930682
9785.0	0.929521
9790.0	0.929993
9795.0	0.930488
9800.0	0.929672
9805.0	0.930422
9810.0	0.926673
9815.0	0.93007
9820.0	0.930279
9825.0	0.929969
9830.0	0.929164
9835.0	0.929155
9840.0	0.930072
9845.0	0.928324
9850.0	0.92994
9855.0	0.928649
9860.0	0.928978
9865.0	0.929801
9870.0	0.928876
9875.0	0.9295
9880.0	0.927297
9885.0	0.928762
9890.0	0.929221
9895.0	0.928724
9900.0	0.927287
9905.0	0.924034
9910.0	0.926327
9915.0	0.928526
9920.0	0.926889
9925.0	0.928767
9930.0	0.928167
9935.0	0.928248
9940.0	0.92832
9945.0	0.927062
9950.0	0.928225
9955.0	0.927431
9960.0	0.926455
9965.0	0.928578
9970.0	0.928369
9975.0	0.925558
9980.0	0.921999
9985.0	0.926996
9990.0	0.928394
9995.0	0.928226
10000.0	0.926512
10005.0	0.926468
10010.0	0.927544
10015.0	0.927244
10020.0	0.926653
10025.0	0.927799
10030.0	0.926663
10035.0	0.927635
10040.0	0.926735
10045.0	0.926777
10050.0	0.9273
10055.0	0.926796
10060.0	0.926729
10065.0	0.92623
10070.0	0.921139
10075.0	0.926437
10080.0	0.925324
10085.0	0.925433
10090.0	0.924583
10095.0	0.924982
10100.0	0.919702
10105.0	0.924704
10110.0	0.924591
10115.0	0.92581
10120.0	0.92375
10125.0	0.916912
10130.0	0.919035
10135.0	0.924635
10140.0	0.923397
10145.0	0.923242
10150.0	0.903333
10155.0	0.90612
10160.0	0.922307
10165.0	0.921998
10170.0	0.907247
10175.0	0.880345
10180.0	0.917013
10185.0	0.898404
10190.0	0.916802
10195.0	0.920634
10200.0	0.839772
10205.0	0.91577
10210.0	0.833126
10215.0	0.904578
10220.0	0.858452
10225.0	0.879574
10230.0	0.898301
10235.0	0.890781
10240.0	0.849858
10245.0	0.829511
10250.0	0.863807
10255.0	0.844411
10260.0	0.825926
10265.0	0.891007
10270.0	0.832655
10275.0	0.889389
10280.0	0.847092
10285.0	0.91847
10290.0	0.849918
10295.0	0.893493
10300.0	0.917502
10305.0	0.844844
10310.0	0.902323
10315.0	0.894877
10320.0	0.905417
10325.0	0.819558
10330.0	0.913933
10335.0	0.917125
10340.0	0.80136
10345.0	0.753943
10350.0	0.826096
10355.0	0.852706
10360.0	0.871072
10365.0	0.751412
10370.0	0.855444
10375.0	0.73757
10380.0	0.898082
10385.0	0.758247
10390.0	0.700202
10395.0	0.825071
10400.0	0.835213
10405.0	0.77984
10410.0	0.783151
10415.0	0.76793
10420.0	0.737941
10425.0	0.643904
10430.0	0.843274
10435.0	0.669151
10440.0	0.866531
10445.0	0.802237
10450.0	0.619427
10455.0	0.777399
10460.0	0.683636
10465.0	0.685509
10470.0	0.8143
10475.0	0.651169
10480.0	0.780035
10485.0	0.734104
10490.0	0.725602
10495.0	0.733138
10500.0	0.561109
10505.0	0.654008
10510.0	0.824958
10515.0	0.844452
10520.0	0.677573
10525.0	0.605785
10530.0	0.604265
10535.0	0.856885
10540.0	0.812595
10545.0	0.477944
10550.0	0.695089
10555.0	0.745562
10560.0	0.731077
10565.0	0.673461
10570.0	0.581043
10575.0	0.685499
10580.0	0.793172
10585.0	0.634731
10590.0	0.447708
10595.0	0.756166
10600.0	0.734393
10605.0	0.458078
10610.0	0.751997
10615.0	0.721376
10620.0	0.831248
10625.0	0.664946
10630.0	0.765866
10635.0	0.671507
10640.0	0.848733
10645.0	0.837821
10650.0	0.654246
10655.0	0.612472
10660.0	0.541683
10665.0	0.742897
10670.0	0.480488
10675.0	0.568345
10680.0	0.681946
10685.0	0.441388
10690.0	0.671105
10695.0	0.682914
10700.0	0.347788
10705.0	0.550974
10710.0	0.508787
10715.0	0.736074
10720.0	0.501096
10725.0	0.693034
10730.0	0.476989
10735.0	0.832027
10740.0	0.618882
10745.0	0.799051
10750.0	0.72417
10755.0	0.806204
10760.0	0.843714
10765.0	0.800143
10770.0	0.886313
10775.0	0.790879
10780.0	0.873907
10785.0	0.90195
10790.0	0.907982
10795.0	0.859988
10800.0	0.909047
10805.0	0.874341
10810.0	0.878924
10815.0	0.879689
10820.0	0.87878
10825.0	0.887358
10830.0	0.890381
10835.0	0.886294
10840.0	0.906274
10845.0	0.87838
10850.0	0.868669
10855.0	0.897236
10860.0	0.893799
10865.0	0.915011
10870.0	0.849806
10875.0	0.888322
10880.0	0.905677
10885.0	0.839295
10890.0	0.880703
10895.0	0.758414
10900.0	0.874754
10905.0	0.869083
10910.0	0.893733
10915.0	0.871357
10920.0	0.737148
10925.0	0.820808
10930.0	0.896346
10935.0	0.881448
10940.0	0.825879
10945.0	0.810972
10950.0	0.777517
10955.0	0.876502
10960.0	0.907756
10965.0	0.761235
10970.0	0.907317
10975.0	0.84947
10980.0	0.842602
10985.0	0.81148
10990.0	0.873938
10995.0	0.850428
11000.0	0.788155
11005.0	0.900759
11010.0	0.769733
11015.0	0.874715
11020.0	0.807285
11025.0	0.835376
11030.0	0.856931
11035.0	0.875503
11040.0	0.909969
11045.0	0.862826
11050.0	0.900842
11055.0	0.876044
11060.0	0.90006
11065.0	0.908369
11070.0	0.860521
11075.0	0.824575
11080.0	0.830097
11085.0	0.826243
11090.0	0.859393
11095.0	0.828988
11100.0	0.84603
11105.0	0.797069
11110.0	0.842297
11115.0	0.898055
11120.0	0.710062
11125.0	0.777257
11130.0	0.843626
11135.0	0.898811
11140.0	0.85723
11145.0	0.846281
11150.0	0.847344
11155.0	0.833956
11160.0	0.897106
11165.0	0.847142
11170.0	0.893417
11175.0	0.893375
11180.0	0.896399
11185.0	0.912743
11190.0	0.900765
11195.0	0.894448
11200.0	0.910856
11205.0	0.912831
11210.0	0.906731
11215.0	0.912375
11220.0	0.912409
11225.0	0.911753
11230.0	0.911232
11235.0	0.910741
11240.0	0.912026
11245.0	0.912854
11250.0	0.912747
11255.0	0.911755
11260.0	0.907968
11265.0	0.912693
11270.0	0.911881
11275.0	0.910779
11280.0	0.912512
11285.0	0.907899
11290.0	0.912342
11295.0	0.911472
11300.0	0.911803
11305.0	0.912248
11310.0	0.91181
11315.0	0.911328
11320.0	0.911219
11325.0	0.912016
11330.0	0.911516
11335.0	0.910473
11340.0	0.911835
11345.0	0.910992
11350.0	0.911629
11355.0	0.910939
11360.0	0.911225
11365.0	0.911535
11370.0	0.911327
11375.0	0.911302
11380.0	0.911158
11385.0	0.910854
11390.0	0.911221
11395.0	0.911158
11400.0	0.911
11405.0	0.911028
11410.0	0.91089
11415.0	0.910752
11420.0	0.910829
11425.0	0.91068
11430.0	0.910693
11435.0	0.910626
11440.0	0.910557
11445.0	0.910487
11450.0	0.910416
11455.0	0.910345
11460.0	0.910273
11465.0	0.9102
11470.0	0.910126
11475.0	0.910051
11480.0	0.909925
11485.0	0.909899
11490.0	0.909827
11495.0	0.909754
11500.0	0.909668
11505.0	0.909612
11510.0	0.909508
11515.0	0.909418
11520.0	0.909383
11525.0	0.909241
11530.0	0.909152
11535.0	0.909101
11540.0	0.909026
11545.0	0.908896
11550.0	0.908823
11555.0	0.908783
11560.0	0.90869
11565.0	0.908643
11570.0	0.908524
11575.0	0.908395
11580.0	0.908234
11585.0	0.908173
11590.0	0.908085
11595.0	0.908029
11600.0	0.907935
11605.0	0.907871
11610.0	0.907602
11615.0	0.907725
11620.0	0.907614
11625.0	0.907549
11630.0	0.907424
11635.0	0.907353
11640.0	0.906798
11645.0	0.907155
11650.0	0.907034
11655.0	0.906996
11660.0	0.905841
11665.0	0.906469
11670.0	0.906656
11675.0	0.906322
11680.0	0.906546
11685.0	0.905746
11690.0	0.905559
11695.0	0.906096
11700.0	0.905652
11705.0	0.904284
11710.0	0.905614
11715.0	0.905161
11720.0	0.905559
11725.0	0.905287
11730.0	0.905272
11735.0	0.904008
11740.0	0.90528
11745.0	0.901795
11750.0	0.905626
11755.0	0.90391
11760.0	0.904844
11765.0	0.904638
11770.0	0.904959
11775.0	0.904526
11780.0	0.903709
11785.0	0.905042
11790.0	0.903142
11795.0	0.905275
11800.0	0.905225
11805.0	0.904958
11810.0	0.905064
11815.0	0.902915
11820.0	0.904964
11825.0	0.904968
11830.0	0.903914
11835.0	0.904192
11840.0	0.902777
11845.0	0.904382
11850.0	0.900447
11855.0	0.903754
11860.0	0.901065
11865.0	0.904455
11870.0	0.903893
11875.0	0.900658
11880.0	0.90087
11885.0	0.903696
11890.0	0.897617
11895.0	0.89972
11900.0	0.902618
11905.0	0.901674
11910.0	0.900109
11915.0	0.903116
11920.0	0.89792
11925.0	0.900169
11930.0	0.902605
11935.0	0.89388
11940.0	0.898008
11945.0	0.901004
11950.0	0.896277
11955.0	0.893537
11960.0	0.897961
11965.0	0.889851
11970.0	0.896317
11975.0	0.891838
11980.0	0.902224
11985.0	0.895934
11990.0	0.878495
11995.0	0.886244
12000.0	0.88133
12005.0	0.893614
12010.0	0.900644
12015.0	0.852407
12020.0	0.857614
12025.0	0.895901
12030.0	0.884425
12035.0	0.897863
12040.0	0.852993
12045.0	0.873117
12050.0	0.893841
12055.0	0.863961
12060.0	0.827259
12065.0	0.893137
12070.0	0.856288
12075.0	0.867546
12080.0	0.820848
12085.0	0.870467
12090.0	0.897943
12095.0	0.898159
12100.0	0.881114
12105.0	0.869916
12110.0	0.85458
12115.0	0.8853
12120.0	0.898884
12125.0	0.85822
12130.0	0.889517
12135.0	0.877166
12140.0	0.85521
12145.0	0.815132
12150.0	0.691344
12155.0	0.855804
12160.0	0.87945
12165.0	0.868104
12170.0	0.894504
12175.0	0.875732
12180.0	0.892647
12185.0	0.895245
12190.0	0.863469
12195.0	0.818816
12200.0	0.847746
12205.0	0.889653
12210.0	0.799708
12215.0	0.888739
12220.0	0.850105
12225.0	0.749517
12230.0	0.888347
12235.0	0.843693
12240.0	0.865116
12245.0	0.811367
12250.0	0.814929
12255.0	0.857546
12260.0	0.834558
12265.0	0.853342
12270.0	0.844081
12275.0	0.882802
12280.0	0.845557
12285.0	0.886208
12290.0	0.846532
12295.0	0.870023
12300.0	0.891921
12305.0	0.887749
12310.0	0.884902
12315.0	0.890274
12320.0	0.886798
12325.0	0.889808
12330.0	0.891252
12335.0	0.893191
12340.0	0.89542
12345.0	0.893423
12350.0	0.887365
12355.0	0.893597
12360.0	0.896145
12365.0	0.8913
12370.0	0.89477
12375.0	0.894842
12380.0	0.894525
12385.0	0.895767
12390.0	0.893039
12395.0	0.895437
12400.0	0.893954
12405.0	0.894238
12410.0	0.894951
12415.0	0.894472
12420.0	0.895281
12425.0	0.891801
12430.0	0.888431
12435.0	0.893412
12440.0	0.890745
12445.0	0.890476
12450.0	0.891053
12455.0	0.889724
12460.0	0.887467
12465.0	0.892676
12470.0	0.892927
12475.0	0.885254
12480.0	0.893802
12485.0	0.884114
12490.0	0.892715
12495.0	0.887762
12500.0	0.889536
12505.0	0.892713
12510.0	0.892687
12515.0	0.89366
12520.0	0.887494
12525.0	0.892611
12530.0	0.893112
12535.0	0.8915
12540.0	0.889823
12545.0	0.888619
12550.0	0.89327
12555.0	0.879963
12560.0	0.879716
12565.0	0.8926
12570.0	0.892039
12575.0	0.891182
12580.0	0.891195
12585.0	0.893256
12590.0	0.892051
12595.0	0.892827
12600.0	0.893412
12605.0	0.890801
12610.0	0.883415
12615.0	0.887802
12620.0	0.885181
12625.0	0.889489
12630.0	0.888353
12635.0	0.891324
12640.0	0.880045
12645.0	0.891772
12650.0	0.881902
12655.0	0.889406
12660.0	0.882567
12665.0	0.886418
12670.0	0.885073
12675.0	0.887267
12680.0	0.890511
12685.0	0.888127
12690.0	0.888493
12695.0	0.889905
12700.0	0.889824
12705.0	0.889881
12710.0	0.887882
12715.0	0.890775
12720.0	0.890845
12725.0	0.891102
12730.0	0.890193
12735.0	0.890542
12740.0	0.890422
12745.0	0.890668
12750.0	0.890557
12755.0	0.890462
12760.0	0.890317
12765.0	0.890135
12770.0	0.890127
12775.0	0.890012
12780.0	0.889857
12785.0	0.889751
12790.0	0.88969
12795.0	0.889575
12800.0	0.889492
12805.0	0.889394
12810.0	0.889204
12815.0	0.889201
12820.0	0.889109
12825.0	0.888996
12830.0	0.888838
12835.0	0.888855
12840.0	0.888773
12845.0	0.88871
12850.0	0.888624
12855.0	0.888516
12860.0	0.888492
12865.0	0.888449
12870.0	0.888348
12875.0	0.888333
12880.0	0.888209
12885.0	0.888211
12890.0	0.888044
12895.0	0.888107
12900.0	0.887854
12905.0	0.888024
12910.0	0.887642
12915.0	0.887647
12920.0	0.887658
12925.0	0.887123
12930.0	0.887754
12935.0	0.886881
12940.0	0.88646
12945.0	0.887078
12950.0	0.887094
12955.0	0.885822
12960.0	0.887055
12965.0	0.884538
12970.0	0.887325
12975.0	0.883506
12980.0	0.883113
12985.0	0.886119
12990.0	0.867997
12995.0	0.885917
13000.0	0.84692
13005.0	0.88562
13010.0	0.850284
13015.0	0.86302
13020.0	0.852275
13025.0	0.846742
13030.0	0.836542
13035.0	0.834253
13040.0	0.805808
13045.0	0.807937
13050.0	0.67801
13055.0	0.865525
13060.0	0.583039
13065.0	0.843547
13070.0	0.545563
13075.0	0.672231
13080.0	0.672384
13085.0	0.416868
13090.0	0.615213
13095.0	0.581121
13100.0	0.374089
13105.0	0.511214
13110.0	0.477122
13115.0	0.582805
13120.0	0.694836
13125.0	0.752519
13130.0	0.440818
13135.0	0.361481
13140.0	0.302591
13145.0	0.258101
13150.0	0.29133
13155.0	0.309071
13160.0	0.392822
13165.0	0.687458
13170.0	0.879265
13175.0	0.882307
13180.0	0.883449
13185.0	0.883926
13190.0	0.883988
13195.0	0.883911
13200.0	0.883812
13205.0	0.883712
13210.0	0.883612
13215.0	0.883508
13220.0	0.883404
13225.0	0.883299
13230.0	0.883191
13235.0	0.883078
13240.0	0.882934
13245.0	0.882716
13250.0	0.882693
13255.0	0.882586
13260.0	0.882433
13265.0	0.882358
13270.0	0.882263
13275.0	0.882138
13280.0	0.88198
13285.0	0.881889
13290.0	0.881736
13295.0	0.881636
13300.0	0.881412
13305.0	0.881386
13310.0	0.881236
13315.0	0.881117
13320.0	0.880946
13325.0	0.880797
13330.0	0.880714
13335.0	0.880643
13340.0	0.880404
13345.0	0.880364
13350.0	0.880248
13355.0	0.880175
13360.0	0.880001
13365.0	0.879907
13370.0	0.879678
13375.0	0.879772
13380.0	0.879665
13385.0	0.879393
13390.0	0.879395
13395.0	0.87946
13400.0	0.879259
13405.0	0.879143
13410.0	0.878858
13415.0	0.878883
13420.0	0.878894
13425.0	0.87893
13430.0	0.878864
13435.0	0.877973
13440.0	0.878511
13445.0	0.878373
13450.0	0.878548
13455.0	0.878449
13460.0	0.878137
13465.0	0.8762
13470.0	0.876745
13475.0	0.878199
13480.0	0.876997
13485.0	0.877337
13490.0	0.87509
13495.0	0.87657
13500.0	0.876586
13505.0	0.876373
13510.0	0.876787
13515.0	0.870426
13520.0	0.876908
13525.0	0.872516
13530.0	0.873558
13535.0	0.876906
13540.0	0.868514
13545.0	0.874912
13550.0	0.872785
13555.0	0.87543
13560.0	0.870359
13565.0	0.867816
13570.0	0.871286
13575.0	0.865606
13580.0	0.870118
13585.0	0.86764
13590.0	0.868469
13595.0	0.870723
13600.0	0.872455
13605.0	0.864146
13610.0	0.869783
13615.0	0.868796
13620.0	0.871456
13625.0	0.874714
13630.0	0.859236
13635.0	0.861921
13640.0	0.872402
13645.0	0.864285
13650.0	0.86575
13655.0	0.869239
13660.0	0.846292
13665.0	0.84655
13670.0	0.855385
13675.0	0.837083
13680.0	0.862037
13685.0	0.836708
13690.0	0.835901
13695.0	0.851101
13700.0	0.865788
13705.0	0.844111
13710.0	0.841735
13715.0	0.81412
13720.0	0.843032
13725.0	0.868383
13730.0	0.854431
13735.0	0.810471
13740.0	0.812281
13745.0	0.817011
13750.0	0.85267
13755.0	0.868366
13760.0	0.787352
13765.0	0.85193
13770.0	0.852439
13775.0	0.837458
13780.0	0.84573
13785.0	0.79366
13790.0	0.848716
13795.0	0.853928
13800.0	0.789677
13805.0	0.814221
13810.0	0.853678
13815.0	0.840258
13820.0	0.752737
13825.0	0.851292
13830.0	0.845807
13835.0	0.866827
13840.0	0.841902
13845.0	0.868895
13850.0	0.861382
13855.0	0.849845
13860.0	0.866919
13865.0	0.840766
13870.0	0.863489
13875.0	0.76172
13880.0	0.848258
13885.0	0.777853
13890.0	0.819823
13895.0	0.800411
13900.0	0.776731
13905.0	0.861814
13910.0	0.747928
13915.0	0.797336
13920.0	0.813505
13925.0	0.853495
13930.0	0.79548
13935.0	0.826808
13940.0	0.823776
13945.0	0.833114
13950.0	0.850833
13955.0	0.858183
13960.0	0.864143
13965.0	0.861609
13970.0	0.86407
13975.0	0.865718
13980.0	0.861673
13985.0	0.862114
13990.0	0.86543
13995.0	0.865009
14000.0	0.865198
14005.0	0.863739
14010.0	0.867085
14015.0	0.865655
14020.0	0.863789
14025.0	0.863754
14030.0	0.866199
14035.0	0.865313
14040.0	0.865604
14045.0	0.86468
14050.0	0.865582
14055.0	0.865089
14060.0	0.864326
14065.0	0.865077
14070.0	0.86279
14075.0	0.863698
14080.0	0.863213
14085.0	0.863422
14090.0	0.863464
14095.0	0.864902
14100.0	0.863355
14105.0	0.862155
14110.0	0.863721
14115.0	0.864691
14120.0	0.862047
14125.0	0.859712
14130.0	0.862353
14135.0	0.861419
14140.0	0.863895
14145.0	0.861865
14150.0	0.859375
14155.0	0.860395
14160.0	0.861798
14165.0	0.857577
14170.0	0.8621
14175.0	0.855972
14180.0	0.856761
14185.0	0.859937
14190.0	0.862587
14195.0	0.860758
14200.0	0.852654
14205.0	0.855468
14210.0	0.863032
14215.0	0.862998
14220.0	0.861807
14225.0	0.843348
14230.0	0.858807
14235.0	0.851015
14240.0	0.856124
14245.0	0.85924
14250.0	0.843871
14255.0	0.860103
14260.0	0.850861
14265.0	0.857753
14270.0	0.844093
14275.0	0.855536
14280.0	0.86042
14285.0	0.844847
14290.0	0.860833
14295.0	0.845464
14300.0	0.853335
14305.0	0.84551
14310.0	0.849396
14315.0	0.858637
14320.0	0.85591
14325.0	0.858934
14330.0	0.856105
14335.0	0.859072
14340.0	0.855105
14345.0	0.859935
14350.0	0.859793
14355.0	0.854184
14360.0	0.845157
14365.0	0.847948
14370.0	0.836252
14375.0	0.849286
14380.0	0.855621
14385.0	0.844664
14390.0	0.837783
14395.0	0.847968
14400.0	0.845016
14405.0	0.827112
14410.0	0.846472
14415.0	0.840659
14420.0	0.843501
14425.0	0.831446
14430.0	0.839976
14435.0	0.852035
14440.0	0.801727
14445.0	0.854685
14450.0	0.785511
14455.0	0.854138
14460.0	0.761381
14465.0	0.852755
14470.0	0.752362
14475.0	0.849941
14480.0	0.729344
14485.0	0.789428
14490.0	0.794266
14495.0	0.703971
14500.0	0.843351
14505.0	0.701778
14510.0	0.69319
14515.0	0.757128
14520.0	0.77163
14525.0	0.800668
14530.0	0.812204
14535.0	0.71755
14540.0	0.642156
14545.0	0.627108
14550.0	0.611068
14555.0	0.566587
14560.0	0.833116
14565.0	0.853561
14570.0	0.853896
14575.0	0.853953
14580.0	0.853988
14585.0	0.853636
14590.0	0.853719
14595.0	0.853744
14600.0	0.853475
14605.0	0.853246
14610.0	0.853004
14615.0	0.853128
14620.0	0.852852
14625.0	0.853036
14630.0	0.85278
14635.0	0.852797
14640.0	0.852558
14645.0	0.852497
14650.0	0.852185
14655.0	0.852281
14660.0	0.852238
14665.0	0.852003
14670.0	0.851863
14675.0	0.851851
14680.0	0.851745
14685.0	0.851565
14690.0	0.851535
14695.0	0.851353
14700.0	0.851243
14705.0	0.851178
14710.0	0.851049
14715.0	0.850928
14720.0	0.850806
14725.0	0.85068
14730.0	0.850551
14735.0	0.850433
14740.0	0.850311
14745.0	0.850173
14750.0	0.850047
14755.0	0.849908
14760.0	0.849762
14765.0	0.849633
14770.0	0.849497
14775.0	0.849359
14780.0	0.849216
14785.0	0.849086
14790.0	0.848948
14795.0	0.848801
14800.0	0.848665
14805.0	0.848537
14810.0	0.848392
14815.0	0.848251
14820.0	0.84812
14825.0	0.847978
14830.0	0.847846
14835.0	0.847707
14840.0	0.84758
14845.0	0.847417
14850.0	0.847266
14855.0	0.847143
14860.0	0.847003
14865.0	0.846859
14870.0	0.846701
14875.0	0.846559
14880.0	0.846415
14885.0	0.846265
14890.0	0.846114
14895.0	0.845962
14900.0	0.84581
14905.0	0.845666
14910.0	0.845532
14915.0	0.845369
14920.0	0.845218
14925.0	0.845057
14930.0	0.844919
14935.0	0.844775
14940.0	0.844631
14945.0	0.844473
14950.0	0.844321
14955.0	0.844178
14960.0	0.843943
14965.0	0.84387
14970.0	0.843711
14975.0	0.843573
14980.0	0.843402
14985.0	0.843114
14990.0	0.843104
14995.0	0.842951
15000.0	0.842617
15005.0	0.842494
15010.0	0.842342
15015.0	0.842341
15020.0	0.842125
15025.0	0.84194
15030.0	0.84184
15035.0	0.841505
15040.0	0.841551
15045.0	0.84127
15050.0	0.840832
15055.0	0.841034
15060.0	0.840893
15065.0	0.840847
15070.0	0.84044
15075.0	0.840309
15080.0	0.840251
15085.0	0.839811
15090.0	0.840122
15095.0	0.839757
15100.0	0.839699
15105.0	0.83961
15110.0	0.83933
15115.0	0.839392
15120.0	0.838417
15125.0	0.838925
15130.0	0.838895
15135.0	0.838285
15140.0	0.837841
15145.0	0.838075
15150.0	0.836939
15155.0	0.837766
15160.0	0.837089
15165.0	0.837602
15170.0	0.837606
15175.0	0.836825
15180.0	0.834471
15185.0	0.836055
15190.0	0.835751
15195.0	0.836588
15200.0	0.836469
15205.0	0.831822
15210.0	0.832903
15215.0	0.835497
15220.0	0.834007
15225.0	0.83568
15230.0	0.830838
15235.0	0.833958
15240.0	0.834017
15245.0	0.831227
15250.0	0.834282
15255.0	0.828355
15260.0	0.834294
15265.0	0.830237
15270.0	0.832453
15275.0	0.827777
15280.0	0.832134
15285.0	0.833691
15290.0	0.83388
15295.0	0.832027
15300.0	0.830527
15305.0	0.829726
15310.0	0.832385
15315.0	0.832976
15320.0	0.83277
15325.0	0.827972
15330.0	0.831678
15335.0	0.827977
15340.0	0.818691
15345.0	0.823323
15350.0	0.828769
15355.0	0.831924
15360.0	0.828934
15365.0	0.831673
15370.0	0.829419
15375.0	0.830251
15380.0	0.831205
15385.0	0.828647
15390.0	0.825206
15395.0	0.824367
15400.0	0.824934
15405.0	0.828801
15410.0	0.825607
15415.0	0.826765
15420.0	0.820563
15425.0	0.828303
15430.0	0.82234
15435.0	0.825759
15440.0	0.818825
15445.0	0.823515
15450.0	0.826989
15455.0	0.824064
15460.0	0.82574
15465.0	0.825516
15470.0	0.826967
15475.0	0.826012
15480.0	0.826362
15485.0	0.82746
15490.0	0.826411
15495.0	0.827596
15500.0	0.827314
15505.0	0.826828
15510.0	0.826884
15515.0	0.826554
15520.0	0.826939
15525.0	0.826375
15530.0	0.826846
15535.0	0.826224
15540.0	0.825653
15545.0	0.826079
15550.0	0.826052
15555.0	0.825958
15560.0	0.825197
15565.0	0.825571
15570.0	0.825441
15575.0	0.8251
15580.0	0.824839
15585.0	0.824821
15590.0	0.824778
15595.0	0.824499
15600.0	0.823915
15605.0	0.824218
15610.0	0.824009
15615.0	0.823721
15620.0	0.823609
15625.0	0.823391
15630.0	0.82333
15635.0	0.823129
15640.0	0.822876
15645.0	0.822531
15650.0	0.822588
15655.0	0.822414
15660.0	0.822167
15665.0	0.821867
15670.0	0.821833
15675.0	0.821861
15680.0	0.821575
15685.0	0.821177
15690.0	0.820376
15695.0	0.820869
15700.0	0.820469
15705.0	0.820699
15710.0	0.820468
15715.0	0.819641
15720.0	0.819734
15725.0	0.819716
15730.0	0.819517
15735.0	0.819682
15740.0	0.818425
15745.0	0.819337
15750.0	0.817941
15755.0	0.818834
15760.0	0.818692
15765.0	0.817318
15770.0	0.818284
15775.0	0.818179
15780.0	0.817568
15785.0	0.817307
15790.0	0.816947
15795.0	0.815977
15800.0	0.817078
15805.0	0.816157
15810.0	0.814485
15815.0	0.816355
15820.0	0.811998
15825.0	0.815165
15830.0	0.812208
15835.0	0.813107
15840.0	0.81169
15845.0	0.8112
15850.0	0.80942
15855.0	0.809547
15860.0	0.807551
15865.0	0.808014
15870.0	0.805016
15875.0	0.806047
15880.0	0.795321
15885.0	0.803882
15890.0	0.806069
15895.0	0.800581
15900.0	0.809158
15905.0	0.81198
15910.0	0.800301
15915.0	0.794658
15920.0	0.774055
15925.0	0.76058
15930.0	0.812033
15935.0	0.81277
15940.0	0.811526
15945.0	0.81224
15950.0	0.811458
15955.0	0.812037
15960.0	0.811708
15965.0	0.81129
15970.0	0.811766
15975.0	0.811468
15980.0	0.811356
15985.0	0.811299
15990.0	0.811125
15995.0	0.810873
16000.0	0.810775
16005.0	0.810563
16010.0	0.810471
16015.0	0.810321
16020.0	0.810153
16025.0	0.810017
16030.0	0.809862
16035.0	0.809691
16040.0	0.80955
16045.0	0.809398
16050.0	0.809241
16055.0	0.80911
16060.0	0.80893
16065.0	0.808787
16070.0	0.808652
16075.0	0.808494
16080.0	0.808342
16085.0	0.808159
16090.0	0.808012
16095.0	0.807832
16100.0	0.80765
16105.0	0.807493
16110.0	0.807311
16115.0	0.807173
16120.0	0.806998
16125.0	0.806871
16130.0	0.806724
16135.0	0.806567
16140.0	0.806403
16145.0	0.806244
16150.0	0.806109
16155.0	0.805933
16160.0	0.805767
16165.0	0.805599
16170.0	0.805422
16175.0	0.805238
16180.0	0.805053
16185.0	0.804859
16190.0	0.804675
16195.0	0.80451
16200.0	0.804316
16205.0	0.804134
16210.0	0.803944
16215.0	0.80374
16220.0	0.803579
16225.0	0.803399
16230.0	0.803228
16235.0	0.803043
16240.0	0.80286
16245.0	0.802679
16250.0	0.802494
16255.0	0.802323
16260.0	0.802124
16265.0	0.801944
16270.0	0.801741
16275.0	0.80153
16280.0	0.801338
16285.0	0.801158
16290.0	0.800935
16295.0	0.800748
16300.0	0.800553
16305.0	0.80035
16310.0	0.800141
16315.0	0.799899
16320.0	0.799636
16325.0	0.799443
16330.0	0.799291
16335.0	0.799067
16340.0	0.798903
16345.0	0.798697
16350.0	0.798497
16355.0	0.798289
16360.0	0.798101
16365.0	0.797908
16370.0	0.797703
16375.0	0.797513
16380.0	0.797315
16385.0	0.797087
16390.0	0.796879
16395.0	0.796659
16400.0	0.79645
16405.0	0.796233
16410.0	0.796035
16415.0	0.795804
16420.0	0.795579
16425.0	0.795384
16430.0	0.795179
16435.0	0.794969
16440.0	0.794756
16445.0	0.794545
16450.0	0.794342
16455.0	0.794146
16460.0	0.79398
16465.0	0.793781
16470.0	0.793592
16475.0	0.793379
16480.0	0.793184
16485.0	0.793002
16490.0	0.792824
16495.0	0.792624
16500.0	0.792444
16505.0	0.792244
16510.0	0.792079
16515.0	0.791914
16520.0	0.791745
16525.0	0.791574
16530.0	0.791431
16535.0	0.791297
16540.0	0.791152
16545.0	0.791003
16550.0	0.790749
16555.0	0.790711
16560.0	0.790522
16565.0	0.790386
16570.0	0.790303
16575.0	0.790044
16580.0	0.790008
16585.0	0.789759
16590.0	0.789685
16595.0	0.789523
16600.0	0.789525
16605.0	0.789423
16610.0	0.789166
16615.0	0.789265
16620.0	0.788156
16625.0	0.789024
16630.0	0.788744
16635.0	0.788655
16640.0	0.788694
16645.0	0.788588
16650.0	0.788031
16655.0	0.788007
16660.0	0.788165
16665.0	0.787335
16670.0	0.787575
16675.0	0.787677
16680.0	0.787944
16685.0	0.7873
16690.0	0.7854
16695.0	0.787197
16700.0	0.787577
16705.0	0.786659
16710.0	0.787921
16715.0	0.786709
16720.0	0.788115
16725.0	0.783286
16730.0	0.784905
16735.0	0.788297
16740.0	0.785883
16745.0	0.786971
16750.0	0.781548
16755.0	0.784306
16760.0	0.788116
16765.0	0.787484
16770.0	0.787814
16775.0	0.787199
16780.0	0.782165
16785.0	0.786595
16790.0	0.786559
16795.0	0.78867
16800.0	0.784978
16805.0	0.780714
16810.0	0.782353
16815.0	0.778455
16820.0	0.786624
16825.0	0.769946
16830.0	0.785295
16835.0	0.787145
16840.0	0.787121
16845.0	0.787815
16850.0	0.785605
16855.0	0.783597
16860.0	0.78773
16865.0	0.78623
16870.0	0.78837
16875.0	0.776114
16880.0	0.784367
16885.0	0.78568
16890.0	0.771929
16895.0	0.786363
16900.0	0.78334
16905.0	0.784186
16910.0	0.786483
16915.0	0.782424
16920.0	0.783148
16925.0	0.786241
16930.0	0.786193
16935.0	0.785356
16940.0	0.778979
16945.0	0.777563
16950.0	0.7809
16955.0	0.783346
16960.0	0.78536
16965.0	0.781428
16970.0	0.781192
16975.0	0.779322
16980.0	0.780869
16985.0	0.780873
16990.0	0.784143
16995.0	0.784197
17000.0	0.784976
17005.0	0.785653
17010.0	0.786599
17015.0	0.785289
17020.0	0.787185
17025.0	0.786971
17030.0	0.786213
17035.0	0.787287
17040.0	0.786939
17045.0	0.786404
17050.0	0.787196
17055.0	0.786557
17060.0	0.786584
17065.0	0.786783
17070.0	0.786947
17075.0	0.78656
17080.0	0.786735
17085.0	0.786085
17090.0	0.78649
17095.0	0.786233
17100.0	0.786073
17105.0	0.786167
17110.0	0.785861
17115.0	0.785883
17120.0	0.785801
17125.0	0.785597
17130.0	0.785605
17135.0	0.785345
17140.0	0.785297
17145.0	0.785218
17150.0	0.78504
17155.0	0.784783
17160.0	0.78488
17165.0	0.784698
17170.0	0.784416
17175.0	0.784395
17180.0	0.784273
17185.0	0.784094
17190.0	0.783951
17195.0	0.783751
17200.0	0.783725
17205.0	0.783575
17210.0	0.783407
17215.0	0.783223
17220.0	0.782865
17225.0	0.782871
17230.0	0.782719
17235.0	0.782537
17240.0	0.782382
17245.0	0.782161
17250.0	0.782105
17255.0	0.781826
17260.0	0.781772
17265.0	0.781592
17270.0	0.781392
17275.0	0.781246
17280.0	0.781106
17285.0	0.780998
17290.0	0.780692
17295.0	0.780772
17300.0	0.780611
17305.0	0.780419
17310.0	0.780117
17315.0	0.779828
17320.0	0.779378
17325.0	0.779766
17330.0	0.779511
17335.0	0.779276
17340.0	0.779575
17345.0	0.778908
17350.0	0.778766
17355.0	0.778966
17360.0	0.778453
17365.0	0.778664
17370.0	0.778421
17375.0	0.777828
17380.0	0.777749
17385.0	0.778185
17390.0	0.778154
17395.0	0.777557
17400.0	0.77601
17405.0	0.7776
17410.0	0.776871
17415.0	0.777588
17420.0	0.777242
17425.0	0.776044
17430.0	0.776885
17435.0	0.777133
17440.0	0.776741
17445.0	0.776936
17450.0	0.775077
17455.0	0.775915
17460.0	0.776818
17465.0	0.776152
17470.0	0.775586
17475.0	0.775983
17480.0	0.774769
17485.0	0.77533
17490.0	0.776377
17495.0	0.775829
17500.0	0.776293
17505.0	0.775584
17510.0	0.776228
17515.0	0.7761
17520.0	0.775776
17525.0	0.775803
17530.0	0.775722
17535.0	0.774771
17540.0	0.774694
17545.0	0.774104
17550.0	0.775203
17555.0	0.775787
17560.0	0.773598
17565.0	0.775931
17570.0	0.773434
17575.0	0.775161
17580.0	0.774133
17585.0	0.774822
17590.0	0.774433
17595.0	0.77499
17600.0	0.775201
17605.0	0.775724
17610.0	0.775435
17615.0	0.775564
17620.0	0.775333
17625.0	0.775591
17630.0	0.775614
17635.0	0.775667
17640.0	0.775539
17645.0	0.775462
17650.0	0.775596
17655.0	0.775484
17660.0	0.775514
17665.0	0.775465
17670.0	0.775421
17675.0	0.775356
17680.0	0.775247
17685.0	0.775245
17690.0	0.775212
17695.0	0.775162
17700.0	0.775158
17705.0	0.775112
17710.0	0.775046
17715.0	0.775013
17720.0	0.774977
17725.0	0.775031
17730.0	0.775034
17735.0	0.775031
17740.0	0.774942
17745.0	0.774974
17750.0	0.77497
17755.0	0.775068
17760.0	0.775084
17765.0	0.775046
17770.0	0.775108
17775.0	0.775108
17780.0	0.775144
17785.0	0.775177
17790.0	0.77519
17795.0	0.775194
17800.0	0.775205
17805.0	0.775213
17810.0	0.775236
17815.0	0.775265
17820.0	0.775258
17825.0	0.775265
17830.0	0.775329
17835.0	0.775333
17840.0	0.775359
17845.0	0.775365
17850.0	0.775395
17855.0	0.775421
17860.0	0.775448
17865.0	0.775481
17870.0	0.775448
17875.0	0.775454
17880.0	0.775485
17885.0	0.7755
17890.0	0.775489
17895.0	0.775482
17900.0	0.775478
17905.0	0.77549
17910.0	0.775474
17915.0	0.775463
17920.0	0.775471
17925.0	0.775489
17930.0	0.77549
17935.0	0.775491
17940.0	0.775475
17945.0	0.775475
17950.0	0.775461
17955.0	0.775442
17960.0	0.775437
17965.0	0.775399
17970.0	0.775385
17975.0	0.775374
17980.0	0.775372
17985.0	0.775368
17990.0	0.775322
17995.0	0.775297
18000.0	0.775242
18005.0	0.775193
18010.0	0.775159
18015.0	0.775133
18020.0	0.775101
18025.0	0.775038
18030.0	0.774976
18035.0	0.774907
18040.0	0.774855
18045.0	0.774797
18050.0	0.774759
18055.0	0.774687
18060.0	0.77466
18065.0	0.774616
18070.0	0.774524
18075.0	0.774409
18080.0	0.774357
18085.0	0.774292
18090.0	0.774315
18095.0	0.774232
18100.0	0.774199
18105.0	0.774108
18110.0	0.774124
18115.0	0.774115
18120.0	0.774042
18125.0	0.77391
18130.0	0.77387
18135.0	0.773869
18140.0	0.773759
18145.0	0.773658
18150.0	0.773576
18155.0	0.773537
18160.0	0.773468
18165.0	0.773384
18170.0	0.773229
18175.0	0.773246
18180.0	0.773068
18185.0	0.773001
18190.0	0.772928
18195.0	0.772768
18200.0	0.772807
18205.0	0.772647
18210.0	0.772566
18215.0	0.772594
18220.0	0.77229
18225.0	0.77244
18230.0	0.77231
18235.0	0.772314
18240.0	0.772043
18245.0	0.772121
18250.0	0.771761
18255.0	0.771854
18260.0	0.772045
18265.0	0.771665
18270.0	0.771933
18275.0	0.771318
18280.0	0.771858
18285.0	0.771308
18290.0	0.771548
18295.0	0.771423
18300.0	0.770665
18305.0	0.771153
18310.0	0.770754
18315.0	0.771071
18320.0	0.77046
18325.0	0.77077
18330.0	0.771175
18335.0	0.770905
18340.0	0.770973
18345.0	0.770305
18350.0	0.770487
18355.0	0.770755
18360.0	0.770855
18365.0	0.770501
18370.0	0.770598
18375.0	0.770721
18380.0	0.770506
18385.0	0.770205
18390.0	0.769917
18395.0	0.770065
18400.0	0.770373
18405.0	0.770341
18410.0	0.770357
18415.0	0.77013
18420.0	0.770274
18425.0	0.770338
18430.0	0.770255
18435.0	0.769685
18440.0	0.770102
18445.0	0.76938
18450.0	0.769971
18455.0	0.769996
18460.0	0.769966
18465.0	0.769198
18470.0	0.769418
18475.0	0.770183
18480.0	0.769288
18485.0	0.769521
18490.0	0.769677
18495.0	0.769958
18500.0	0.7701
18505.0	0.769664
18510.0	0.76998
18515.0	0.769961
18520.0	0.769487
18525.0	0.769654
18530.0	0.76972
18535.0	0.769759
18540.0	0.76959
18545.0	0.769481
18550.0	0.769481
18555.0	0.769414
18560.0	0.769294
18565.0	0.769358
18570.0	0.769219
18575.0	0.769196
18580.0	0.769142
18585.0	0.76914
18590.0	0.769119
18595.0	0.769029
18600.0	0.769012
18605.0	0.768931
18610.0	0.768839
18615.0	0.768755
18620.0	0.768685
18625.0	0.768599
18630.0	0.768484
18635.0	0.768367
18640.0	0.768247
18645.0	0.76817
18650.0	0.768035
18655.0	0.767976
18660.0	0.767898
18665.0	0.76779
18670.0	0.767685
18675.0	0.76756
18680.0	0.767444
18685.0	0.767334
18690.0	0.767193
18695.0	0.767045
18700.0	0.766947
18705.0	0.76685
18710.0	0.766709
18715.0	0.766613
18720.0	0.766533
18725.0	0.766403
18730.0	0.766332
18735.0	0.766247
18740.0	0.766144
18745.0	0.76605
18750.0	0.765927
18755.0	0.765824
18760.0	0.765767
18765.0	0.765688
18770.0	0.765588
18775.0	0.765507
18780.0	0.765415
18785.0	0.765372
18790.0	0.76532
18795.0	0.765273
18800.0	0.765216
18805.0	0.765181
18810.0	0.765119
18815.0	0.765089
18820.0	0.765065
18825.0	0.764981
18830.0	0.764941
18835.0	0.76493
18840.0	0.764849
18845.0	0.764822
18850.0	0.764786
18855.0	0.764788
18860.0	0.764742
18865.0	0.764736
18870.0	0.764676
18875.0	0.76464
18880.0	0.764646
18885.0	0.764602
18890.0	0.764621
18895.0	0.764512
18900.0	0.764568
18905.0	0.764462
18910.0	0.764529
18915.0	0.76449
18920.0	0.764359
18925.0	0.764461
18930.0	0.764431
18935.0	0.764421
18940.0	0.764349
18945.0	0.764349
18950.0	0.764421
18955.0	0.764422
18960.0	0.764428
18965.0	0.764353
18970.0	0.764351
18975.0	0.764258
18980.0	0.764177
18985.0	0.764125
18990.0	0.7642
18995.0	0.764237
19000.0	0.764205
19005.0	0.764265
19010.0	0.764302
19015.0	0.764255
19020.0	0.764169
19025.0	0.764161
19030.0	0.764097
19035.0	0.764123
19040.0	0.764139
19045.0	0.764351
19050.0	0.764318
19055.0	0.764334
19060.0	0.764286
19065.0	0.764355
19070.0	0.764378
19075.0	0.764376
19080.0	0.764249
19085.0	0.764451
19090.0	0.764437
19095.0	0.764443
19100.0	0.764456
19105.0	0.764334
19110.0	0.764336
19115.0	0.764294
19120.0	0.764321
19125.0	0.764298
19130.0	0.764264
19135.0	0.764269
19140.0	0.764269
19145.0	0.764235
19150.0	0.764186
19155.0	0.764137
19160.0	0.764131
19165.0	0.764078
19170.0	0.764006
19175.0	0.76399
19180.0	0.763955
19185.0	0.763844
19190.0	0.763785
19195.0	0.763727
19200.0	0.763674
19205.0	0.763616
19210.0	0.763523
19215.0	0.763425
19220.0	0.763371
19225.0	0.763356
19230.0	0.763322
19235.0	0.763214
19240.0	0.763162
19245.0	0.763081
19250.0	0.763029
19255.0	0.763002
19260.0	0.762953
19265.0	0.762863
19270.0	0.762705
19275.0	0.762603
19280.0	0.76255
19285.0	0.762455
19290.0	0.762445
19295.0	0.762439
19300.0	0.762423
19305.0	0.762361
19310.0	0.762313
19315.0	0.762322
19320.0	0.762245
19325.0	0.762144
19330.0	0.762068
19335.0	0.762036
19340.0	0.761965
19345.0	0.761854
19350.0	0.761774
19355.0	0.761652
19360.0	0.761551
19365.0	0.761488
19370.0	0.761441
19375.0	0.761326
19380.0	0.761238
19385.0	0.761161
19390.0	0.761104
19395.0	0.761052
19400.0	0.760961
19405.0	0.76087
19410.0	0.760783
19415.0	0.760688
19420.0	0.760583
19425.0	0.760517
19430.0	0.760431
19435.0	0.760342
19440.0	0.760278
19445.0	0.760254
19450.0	0.760145
19455.0	0.760039
19460.0	0.759939
19465.0	0.759871
19470.0	0.759804
19475.0	0.759725
19480.0	0.759642
19485.0	0.759535
19490.0	0.759267
19495.0	0.75935
19500.0	0.759073
19505.0	0.75899
19510.0	0.758943
19515.0	0.758823
19520.0	0.758857
19525.0	0.758672
19530.0	0.758712
19535.0	0.758697
19540.0	0.758527
19545.0	0.758399
19550.0	0.758271
19555.0	0.758047
19560.0	0.757968
19565.0	0.757865
19570.0	0.757953
19575.0	0.757676
19580.0	0.757723
19585.0	0.757419
19590.0	0.75731
19595.0	0.756727
19600.0	0.757054
19605.0	0.75679
19610.0	0.75683
19615.0	0.756626
19620.0	0.756514
19625.0	0.755829
19630.0	0.755777
19635.0	0.756199
19640.0	0.756251
19645.0	0.756083
19650.0	0.755805
19655.0	0.754812
19660.0	0.755468
19665.0	0.754865
19670.0	0.755334
19675.0	0.755311
19680.0	0.754617
19685.0	0.753922
19690.0	0.754572
19695.0	0.753392
19700.0	0.754731
19705.0	0.753141
19710.0	0.754304
19715.0	0.753982
19720.0	0.753479
19725.0	0.753499
19730.0	0.752211
19735.0	0.75279
19740.0	0.753632
19745.0	0.753518
19750.0	0.753257
19755.0	0.752019
19760.0	0.752756
19765.0	0.75113
19770.0	0.751714
19775.0	0.752633
19780.0	0.752157
19785.0	0.751868
19790.0	0.752201
19795.0	0.751624
19800.0	0.751589
19805.0	0.751213
19810.0	0.751794
19815.0	0.751481
19820.0	0.750619
19825.0	0.749313
19830.0	0.750679
19835.0	0.750939
19840.0	0.750681
19845.0	0.748734
19850.0	0.751061
19855.0	0.748764
19860.0	0.750757
19865.0	0.751039
19870.0	0.751041
19875.0	0.750723
19880.0	0.749868
19885.0	0.75107
19890.0	0.750568
19895.0	0.750807
19900.0	0.75108
19905.0	0.75111
19910.0	0.751133
19915.0	0.75076
19920.0	0.750524
19925.0	0.750958
19930.0	0.750974
19935.0	0.751024
19940.0	0.751069
19945.0	0.751
19950.0	0.751092
19955.0	0.750972
19960.0	0.750923
19965.0	0.751042
19970.0	0.751068
19975.0	0.751003
19980.0	0.751043
19985.0	0.75097
19990.0	0.750945
19995.0	0.750942
20000.0	0.750975
20005.0	0.750906
20010.0	0.750939
20015.0	0.750895
20020.0	0.750859
20025.0	0.75081
20030.0	0.750738
20035.0	0.750706
20040.0	0.750671
20045.0	0.750599
20050.0	0.750564
20055.0	0.750516
20060.0	0.750459
20065.0	0.750443
20070.0	0.750374
20075.0	0.75023
20080.0	0.750163
20085.0	0.750088
20090.0	0.749946
20095.0	0.749857
20100.0	0.749748
20105.0	0.74963
20110.0	0.749478
20115.0	0.749397
20120.0	0.749292
20125.0	0.749202
20130.0	0.749153
20135.0	0.749079
20140.0	0.749054
20145.0	0.748999
20150.0	0.748927
20155.0	0.74884
20160.0	0.748766
20165.0	0.748699
20170.0	0.748599
20175.0	0.748509
20180.0	0.748474
20185.0	0.748451
20190.0	0.748352
20195.0	0.748248
20200.0	0.748122
20205.0	0.747996
20210.0	0.747817
20215.0	0.747711
20220.0	0.747642
20225.0	0.74755
20230.0	0.747483
20235.0	0.74743
20240.0	0.747342
20245.0	0.747281
20250.0	0.747221
20255.0	0.747137
20260.0	0.747021
20265.0	0.746933
20270.0	0.746883
20275.0	0.746844
20280.0	0.746807
20285.0	0.746734
20290.0	0.746596
20295.0	0.746434
20300.0	0.746314
20305.0	0.746189
20310.0	0.746119
20315.0	0.746057
20320.0	0.746002
20325.0	0.745928
20330.0	0.745784
20335.0	0.745718
20340.0	0.745602
20345.0	0.745493
20350.0	0.745351
20355.0	0.745301
20360.0	0.745207
20365.0	0.745075
20370.0	0.744948
20375.0	0.744766
20380.0	0.744614
20385.0	0.744419
20390.0	0.74426
20395.0	0.744084
20400.0	0.744052
20405.0	0.74395
20410.0	0.743789
20415.0	0.74364
20420.0	0.743516
20425.0	0.743369
20430.0	0.743172
20435.0	0.74306
20440.0	0.742957
20445.0	0.74291
20450.0	0.742742
20455.0	0.742405
20460.0	0.742315
20465.0	0.74237
20470.0	0.742491
20475.0	0.742679
20480.0	0.742693
20485.0	0.742582
20490.0	0.742611
20495.0	0.742444
20500.0	0.74242
20505.0	0.742344
20510.0	0.742192
20515.0	0.742008
20520.0	0.741881
20525.0	0.741735
20530.0	0.741754
20535.0	0.74158
20540.0	0.74144
20545.0	0.741222
20550.0	0.741037
20555.0	0.740936
20560.0	0.740809
20565.0	0.740656
20570.0	0.740554
20575.0	0.740439
20580.0	0.740283
20585.0	0.740016
20590.0	0.739983
20595.0	0.73993
20600.0	0.739768
20605.0	0.73961
20610.0	0.739475
20615.0	0.739332
20620.0	0.739169
20625.0	0.739074
20630.0	0.738926
20635.0	0.738841
20640.0	0.738648
20645.0	0.738571
20650.0	0.738466
20655.0	0.73833
20660.0	0.738202
20665.0	0.738107
20670.0	0.737975
20675.0	0.737831
20680.0	0.737698
20685.0	0.737509
20690.0	0.73732
20695.0	0.737155
20700.0	0.736992
20705.0	0.736826
20710.0	0.736727
20715.0	0.736596
20720.0	0.736449
20725.0	0.736284
20730.0	0.736123
20735.0	0.735961
20740.0	0.73581
20745.0	0.735646
20750.0	0.735499
20755.0	0.735331
20760.0	0.73529
20765.0	0.735216
20770.0	0.735172
20775.0	0.735076
20780.0	0.73497
20785.0	0.734893
20790.0	0.734844
20795.0	0.73478
20800.0	0.73466
20805.0	0.734552
20810.0	0.734442
20815.0	0.734356
20820.0	0.734269
20825.0	0.734182
20830.0	0.734054
20835.0	0.733873
20840.0	0.73373
20845.0	0.733601
20850.0	0.733549
20855.0	0.733495
20860.0	0.733449
20865.0	0.733503
20870.0	0.733527
20875.0	0.733555
20880.0	0.733538
20885.0	0.733511
20890.0	0.73345
20895.0	0.733307
20900.0	0.73319
20905.0	0.733199
20910.0	0.733095
20915.0	0.732992
20920.0	0.732947
20925.0	0.732903
20930.0	0.732796
20935.0	0.732739
20940.0	0.732689
20945.0	0.732605
20950.0	0.732489
20955.0	0.732439
20960.0	0.732287
20965.0	0.732284
20970.0	0.73217
20975.0	0.732026
20980.0	0.731915
20985.0	0.731854
20990.0	0.731723
20995.0	0.731651
21000.0	0.731562
21005.0	0.731467
21010.0	0.731383
21015.0	0.731338
21020.0	0.731227
21025.0	0.731078
21030.0	0.730923
21035.0	0.730787
21040.0	0.730629
21045.0	0.7305
21050.0	0.730414
21055.0	0.730282
21060.0	0.730127
21065.0	0.729969
21070.0	0.729784
21075.0	0.729789
21080.0	0.729678
21085.0	0.72949
21090.0	0.729431
21095.0	0.72964
21100.0	0.729662
21105.0	0.729525
21110.0	0.729512
21115.0	0.729465
21120.0	0.729287
21125.0	0.729094
21130.0	0.72908
21135.0	0.729014
21140.0	0.728862
21145.0	0.72877
21150.0	0.728488
21155.0	0.72846
21160.0	0.728342
21165.0	0.728206
21170.0	0.727928
21175.0	0.727858
21180.0	0.727764
21185.0	0.727809
21190.0	0.727689
21195.0	0.727566
21200.0	0.72743
21205.0	0.727334
21210.0	0.72715
21215.0	0.727033
21220.0	0.726834
21225.0	0.726777
21230.0	0.726615
21235.0	0.726446
21240.0	0.726362
21245.0	0.726224
21250.0	0.726108
21255.0	0.725977
21260.0	0.725745
21265.0	0.725724
21270.0	0.725525
21275.0	0.725499
21280.0	0.725461
21285.0	0.725227
21290.0	0.725117
21295.0	0.724934
21300.0	0.724948
21305.0	0.724767
21310.0	0.724663
21315.0	0.724509
21320.0	0.724488
21325.0	0.724338
21330.0	0.724057
21335.0	0.723797
21340.0	0.723741
21345.0	0.723591
21350.0	0.723515
21355.0	0.723479
21360.0	0.723343
21365.0	0.723201
21370.0	0.723111
21375.0	0.722934
21380.0	0.722744
21385.0	0.722567
21390.0	0.722425
21395.0	0.722453
21400.0	0.722367
21405.0	0.72242
21410.0	0.722401
21415.0	0.72234
21420.0	0.722323
21425.0	0.722285
21430.0	0.722161
21435.0	0.722073
21440.0	0.721954
21445.0	0.721803
21450.0	0.721696
21455.0	0.721533
21460.0	0.721335
21465.0	0.721107
21470.0	0.720923
21475.0	0.720726
21480.0	0.720539
21485.0	0.720371
21490.0	0.7202
21495.0	0.720005
21500.0	0.719794
21505.0	0.719619
21510.0	0.719563
21515.0	0.719349
21520.0	0.719135
21525.0	0.719005
21530.0	0.718804
21535.0	0.718556
21540.0	0.718276
21545.0	0.718069
21550.0	0.717883
21555.0	0.717759
21560.0	0.717673
21565.0	0.717402
21570.0	0.71724
21575.0	0.717277
21580.0	0.71742
21585.0	0.717385
21590.0	0.717363
21595.0	0.717276
21600.0	0.717164
21605.0	0.717034
21610.0	0.716898
21615.0	0.716805
21620.0	0.716675
21625.0	0.716527
21630.0	0.716339
21635.0	0.716153
21640.0	0.715974
21645.0	0.715807
21650.0	0.7156
21655.0	0.715491
21660.0	0.715423
21665.0	0.715181
21670.0	0.715021
21675.0	0.714898
21680.0	0.714664
21685.0	0.714453
21690.0	0.714437
21695.0	0.714394
21700.0	0.714303
21705.0	0.714272
21710.0	0.714158
21715.0	0.714137
21720.0	0.714028
21725.0	0.713888
21730.0	0.71379
21735.0	0.713633
21740.0	0.71356
21745.0	0.713528
21750.0	0.713417
21755.0	0.713398
21760.0	0.713263
21765.0	0.71302
21770.0	0.712808
21775.0	0.712653
21780.0	0.712475
21785.0	0.712312
21790.0	0.712245
21795.0	0.712202
21800.0	0.71202
21805.0	0.711758
21810.0	0.711658
21815.0	0.711585
21820.0	0.711546
21825.0	0.711446
21830.0	0.711317
21835.0	0.711274
21840.0	0.711286
21845.0	0.711316
21850.0	0.711308
21855.0	0.711258
21860.0	0.711205
21865.0	0.711142
21870.0	0.711047
21875.0	0.710923
21880.0	0.710715
21885.0	0.710498
21890.0	0.71036
21895.0	0.710172
21900.0	0.709992
21905.0	0.70988
21910.0	0.709749
21915.0	0.709717
21920.0	0.709648
21925.0	0.70954
21930.0	0.709354
21935.0	0.709211
21940.0	0.709073
21945.0	0.708889
21950.0	0.70873
21955.0	0.708653
21960.0	0.708485
21965.0	0.708314
21970.0	0.708181
21975.0	0.708139
21980.0	0.708201
21985.0	0.70815
21990.0	0.708051
21995.0	0.707918
22000.0	0.707795
22005.0	0.707619
22010.0	0.707481
22015.0	0.707306
22020.0	0.707064
22025.0	0.706847
22030.0	0.706677
22035.0	0.706504
22040.0	0.706415
22045.0	0.706349
22050.0	0.706266
22055.0	0.706102
22060.0	0.705887
22065.0	0.705665
22070.0	0.705519
22075.0	0.705387
22080.0	0.705313
22085.0	0.705229
22090.0	0.705071
22095.0	0.704905
22100.0	0.704698
22105.0	0.704614
22110.0	0.704527
22115.0	0.70443
22120.0	0.704405
22125.0	0.704286
22130.0	0.704098
22135.0	0.703922
22140.0	0.703783
22145.0	0.703628
22150.0	0.703483
22155.0	0.703351
22160.0	0.703153
22165.0	0.70299
22170.0	0.702906
22175.0	0.702768
22180.0	0.702623
22185.0	0.702509
22190.0	0.702459
22195.0	0.702412
22200.0	0.702336
22205.0	0.702218
22210.0	0.702079
22215.0	0.701907
22220.0	0.701705
22225.0	0.701587
22230.0	0.701386
22235.0	0.70118
22240.0	0.701025
22245.0	0.700897
22250.0	0.700721
22255.0	0.700484
22260.0	0.700261
22265.0	0.700179
22270.0	0.70007
22275.0	0.699749
22280.0	0.699435
22285.0	0.699055
22290.0	0.698796
22295.0	0.698657
22300.0	0.698518
22305.0	0.698343
22310.0	0.698427
22315.0	0.698491
22320.0	0.698439
22325.0	0.698492
22330.0	0.698482
22335.0	0.698508
22340.0	0.698406
22345.0	0.698381
22350.0	0.698281
22355.0	0.698133
22360.0	0.698081
22365.0	0.697819
22370.0	0.69778
22375.0	0.697682
22380.0	0.697504
22385.0	0.69736
22390.0	0.697164
22395.0	0.696657
22400.0	0.696506
22405.0	0.696523
22410.0	0.696403
22415.0	0.69626
22420.0	0.696034
22425.0	0.695405
22430.0	0.695615
22435.0	0.695408
22440.0	0.694994
22445.0	0.695034
22450.0	0.694815
22455.0	0.694203
22460.0	0.694323
22465.0	0.694051
22470.0	0.693781
22475.0	0.693755
22480.0	0.693425
22485.0	0.693962
22490.0	0.693854
22495.0	0.693733
22500.0	0.693702
22505.0	0.693359
22510.0	0.693362
22515.0	0.693502
22520.0	0.693223
22525.0	0.693201
22530.0	0.692866
22535.0	0.692926
22540.0	0.692788
22545.0	0.692651
22550.0	0.69261
22555.0	0.692472
22560.0	0.692264
22565.0	0.692019
22570.0	0.691547
22575.0	0.69164
22580.0	0.691623
22585.0	0.691045
22590.0	0.691119
22595.0	0.691379
22600.0	0.691362
22605.0	0.691105
22610.0	0.690911
22615.0	0.691055
22620.0	0.690962
22625.0	0.690815
22630.0	0.690501
22635.0	0.690353
22640.0	0.690343
22645.0	0.690062
22650.0	0.690013
22655.0	0.689746
22660.0	0.689591
22665.0	0.689449
22670.0	0.68931
22675.0	0.689205
22680.0	0.689073
22685.0	0.688893
22690.0	0.688792
22695.0	0.688638
22700.0	0.688393
22705.0	0.688132
22710.0	0.687815
22715.0	0.687582
22720.0	0.687422
22725.0	0.687302
22730.0	0.687116
22735.0	0.687031
22740.0	0.686835
22745.0	0.686549
22750.0	0.686363
22755.0	0.686094
22760.0	0.685927
22765.0	0.685895
22770.0	0.685918
22775.0	0.685646
22780.0	0.685474
22785.0	0.685521
22790.0	0.685451
22795.0	0.685424
22800.0	0.685427
22805.0	0.685555
22810.0	0.685595
22815.0	0.685537
22820.0	0.685445
22825.0	0.685339
22830.0	0.685208
22835.0	0.685042
22840.0	0.684876
22845.0	0.684735
22850.0	0.684595
22855.0	0.684458
22860.0	0.684284
22865.0	0.684113
22870.0	0.683965
22875.0	0.683795
22880.0	0.68362
22885.0	0.683386
22890.0	0.683169
22895.0	0.682961
22900.0	0.68278
22905.0	0.682655
22910.0	0.682446
22915.0	0.682269
22920.0	0.682117
22925.0	0.681932
22930.0	0.681723
22935.0	0.681616
22940.0	0.681465
22945.0	0.681224
22950.0	0.681034
22955.0	0.680898
22960.0	0.680761
22965.0	0.680594
22970.0	0.680339
22975.0	0.679982
22980.0	0.679792
22985.0	0.679666
22990.0	0.679397
22995.0	0.679421
23000.0	0.679288
23005.0	0.679351
23010.0	0.679399
23015.0	0.679366
23020.0	0.679241
23025.0	0.679109
23030.0	0.67898
23035.0	0.678795
23040.0	0.678559
23045.0	0.678331
23050.0	0.678203
23055.0	0.678072
23060.0	0.677924
23065.0	0.677858
23070.0	0.677713
23075.0	0.677589
23080.0	0.677512
23085.0	0.677438
23090.0	0.677317
23095.0	0.677202
23100.0	0.677103
23105.0	0.677043
23110.0	0.676951
23115.0	0.676809
23120.0	0.676744
23125.0	0.676599
23130.0	0.676397
23135.0	0.676202
23140.0	0.676056
23145.0	0.675895
23150.0	0.675693
23155.0	0.675474
23160.0	0.675257
23165.0	0.675102
23170.0	0.674888
23175.0	0.674682
23180.0	0.674522
23185.0	0.674349
23190.0	0.674192
23195.0	0.67404
23200.0	0.673944
23205.0	0.673687
23210.0	0.673465
23215.0	0.673339
23220.0	0.673252
23225.0	0.673155
23230.0	0.672977
23235.0	0.672834
23240.0	0.672744
23245.0	0.672777
23250.0	0.672706
23255.0	0.672598
23260.0	0.672577
23265.0	0.672518
23270.0	0.672412
23275.0	0.672287
23280.0	0.672124
23285.0	0.671968
23290.0	0.671815
23295.0	0.671629
23300.0	0.671427
23305.0	0.671271
23310.0	0.671097
23315.0	0.670855
23320.0	0.670626
23325.0	0.670444
23330.0	0.670306
23335.0	0.670165
23340.0	0.669944
23345.0	0.669671
23350.0	0.669468
23355.0	0.669317
23360.0	0.669147
23365.0	0.668896
23370.0	0.66874
23375.0	0.668676
23380.0	0.668491
23385.0	0.668353
23390.0	0.668301
23395.0	0.668115
23400.0	0.667873
23405.0	0.667742
23410.0	0.66766
23415.0	0.667654
23420.0	0.667486
23425.0	0.667374
23430.0	0.667363
23435.0	0.667344
23440.0	0.66728
23445.0	0.667134
23450.0	0.666951
23455.0	0.6668
23460.0	0.666641
23465.0	0.666474
23470.0	0.666355
23475.0	0.666209
23480.0	0.666057
23485.0	0.665829
23490.0	0.665681
23495.0	0.66549
23500.0	0.665284
23505.0	0.665086
23510.0	0.664874
23515.0	0.6647
23520.0	0.664603
23525.0	0.664437
23530.0	0.664108
23535.0	0.663754
23540.0	0.663576
23545.0	0.663401
23550.0	0.663226
23555.0	0.662995
23560.0	0.662909
23565.0	0.662866
23570.0	0.6628
23575.0	0.662535
23580.0	0.662358
23585.0	0.662335
23590.0	0.662308
23595.0	0.662154
23600.0	0.661996
23605.0	0.661871
23610.0	0.661744
23615.0	0.661598
23620.0	0.661574
23625.0	0.661489
23630.0	0.661322
23635.0	0.661146
23640.0	0.660981
23645.0	0.66083
23650.0	0.660666
23655.0	0.660476
23660.0	0.660302
23665.0	0.660157
23670.0	0.660021
23675.0	0.659863
23680.0	0.659662
23685.0	0.659467
23690.0	0.6593
23695.0	0.659183
23700.0	0.659108
23705.0	0.659057
23710.0	0.65892
23715.0	0.658807
23720.0	0.658669
23725.0	0.658492
23730.0	0.658302
23735.0	0.658102
23740.0	0.657904
23745.0	0.657719
23750.0	0.657555
23755.0	0.657385
23760.0	0.657333
23765.0	0.657215
23770.0	0.657045
23775.0	0.656884
23780.0	0.656698
23785.0	0.65654
23790.0	0.656389
23795.0	0.656302
23800.0	0.656171
23805.0	0.656001
23810.0	0.655787
23815.0	0.655591
23820.0	0.655457
23825.0	0.655288
23830.0	0.655204
23835.0	0.655059
23840.0	0.654889
23845.0	0.654738
23850.0	0.65469
23855.0	0.654612
23860.0	0.654471
23865.0	0.654314
23870.0	0.654138
23875.0	0.653944
23880.0	0.653678
23885.0	0.653497
23890.0	0.65336
23895.0	0.653251
23900.0	0.653132
23905.0	0.652957
23910.0	0.652788
23915.0	0.652705
23920.0	0.652577
23925.0	0.652364
23930.0	0.652184
23935.0	0.652088
23940.0	0.651998
23945.0	0.65186
23950.0	0.651663
23955.0	0.651479
23960.0	0.651286
23965.0	0.651165
23970.0	0.651074
23975.0	0.650956
23980.0	0.650854
23985.0	0.650724
23990.0	0.650575
23995.0	0.650407
24000.0	0.650234
24005.0	0.650111
24010.0	0.649967
24015.0	0.649792
24020.0	0.649619
24025.0	0.649475
24030.0	0.649354
24035.0	0.649195
24040.0	0.649009
24045.0	0.648859
24050.0	0.648748
24055.0	0.648594
24060.0	0.648409
24065.0	0.648197
24070.0	0.64798
24075.0	0.647772
24080.0	0.647541
24085.0	0.647335
24090.0	0.647146
24095.0	0.647008
24100.0	0.646902
24105.0	0.646734
24110.0	0.646574
24115.0	0.646406
24120.0	0.646248
24125.0	0.646122
24130.0	0.646047
24135.0	0.645918
24140.0	0.64573
24145.0	0.645545
24150.0	0.645318
24155.0	0.645089
24160.0	0.644846
24165.0	0.644535
24170.0	0.644296
24175.0	0.644022
24180.0	0.643806
24185.0	0.643663
24190.0	0.643458
24195.0	0.643425
24200.0	0.643341
24205.0	0.643197
24210.0	0.643061
24215.0	0.643018
24220.0	0.642962
24225.0	0.642844
24230.0	0.642692
24235.0	0.642569
24240.0	0.642481
24245.0	0.642422
24250.0	0.642288
24255.0	0.642175
24260.0	0.642012
24265.0	0.641847
24270.0	0.64168
24275.0	0.641502
24280.0	0.641356
24285.0	0.64117
24290.0	0.641021
24295.0	0.640915
24300.0	0.640751
24305.0	0.640547
24310.0	0.640356
24315.0	0.640161
24320.0	0.639963
24325.0	0.639762
24330.0	0.639547
24335.0	0.639308
24340.0	0.639087
24345.0	0.638934
24350.0	0.638775
24355.0	0.638546
24360.0	0.638304
24365.0	0.63816
24370.0	0.638005
24375.0	0.637849
24380.0	0.637809
24385.0	0.637772
24390.0	0.637665
24395.0	0.637528
24400.0	0.637365
24405.0	0.637183
24410.0	0.636953
24415.0	0.63673
24420.0	0.636555
24425.0	0.636398
24430.0	0.636258
24435.0	0.636151
24440.0	0.636043
24445.0	0.635877
24450.0	0.635629
24455.0	0.635421
24460.0	0.63527
24465.0	0.63512
24470.0	0.634885
24475.0	0.634669
24480.0	0.634446
24485.0	0.634236
24490.0	0.634065
24495.0	0.633901
24500.0	0.63387
24505.0	0.633877
24510.0	0.633766
24515.0	0.633548
24520.0	0.633458
24525.0	0.633421
24530.0	0.633283
24535.0	0.633205
24540.0	0.633107
24545.0	0.632959
24550.0	0.632855
24555.0	0.632705
24560.0	0.632532
24565.0	0.632386
24570.0	0.632242
24575.0	0.632058
24580.0	0.631911
24585.0	0.631744
24590.0	0.631586
24595.0	0.631401
24600.0	0.631166
24605.0	0.630994
24610.0	0.630786
24615.0	0.630556
24620.0	0.63035
24625.0	0.630222
24630.0	0.630093
24635.0	0.629894
24640.0	0.62975
24645.0	0.629597
24650.0	0.629425
24655.0	0.629225
24660.0	0.629001
24665.0	0.628786
24670.0	0.628561
24675.0	0.628311
24680.0	0.628058
24685.0	0.627902
24690.0	0.62783
24695.0	0.62776
24700.0	0.627596
24705.0	0.627384
24710.0	0.627264
24715.0	0.627222
24720.0	0.627105
24725.0	0.626944
24730.0	0.626757
24735.0	0.626575
24740.0	0.626388
24745.0	0.626205
24750.0	0.626023
24755.0	0.625832
24760.0	0.625652
24765.0	0.625514
24770.0	0.625399
24775.0	0.625307
24780.0	0.625214
24785.0	0.625046
24790.0	0.624894
24795.0	0.624763
24800.0	0.624612
24805.0	0.624461
24810.0	0.62429
24815.0	0.624127
24820.0	0.623936
24825.0	0.623758
24830.0	0.623612
24835.0	0.623466
24840.0	0.623303
24845.0	0.623121
24850.0	0.62294
24855.0	0.622756
24860.0	0.622589
24865.0	0.622433
24870.0	0.622244
24875.0	0.622034
24880.0	0.621823
24885.0	0.621646
24890.0	0.621447
24895.0	0.621254
24900.0	0.62108
24905.0	0.6209
24910.0	0.620734
24915.0	0.620549
24920.0	0.62037
24925.0	0.620184
24930.0	0.620001
24935.0	0.619811
24940.0	0.619641
24945.0	0.619479
24950.0	0.619286
24955.0	0.619126
24960.0	0.618983
24965.0	0.618812
24970.0	0.618623
24975.0	0.618415
24980.0	0.618261
24985.0	0.618125
24990.0	0.6179
24995.0	0.617742
25000.0	0.617571
25005.0	0.617398
25010.0	0.617287
25015.0	0.617182
25020.0	0.617054
25025.0	0.616931
25030.0	0.616797
25035.0	0.61665
25040.0	0.616523
25045.0	0.616394
25050.0	0.616284
25055.0	0.616106
25060.0	0.615947
25065.0	0.615767
25070.0	0.615594
25075.0	0.61539
25080.0	0.61513
25085.0	0.614878
25090.0	0.614671
25095.0	0.614462
25100.0	0.614218
25105.0	0.614027
25110.0	0.613909
25115.0	0.613786
25120.0	0.613622
25125.0	0.613479
25130.0	0.613322
25135.0	0.613165
25140.0	0.613026
25145.0	0.612944
25150.0	0.612813
25155.0	0.612695
25160.0	0.612591
25165.0	0.612474
25170.0	0.61231
25175.0	0.612144
25180.0	0.611975
25185.0	0.611779
25190.0	0.611605
25195.0	0.611446
25200.0	0.611266
25205.0	0.611099
25210.0	0.610937
25215.0	0.610784
25220.0	0.610603
25225.0	0.610423
25230.0	0.610231
25235.0	0.61003
25240.0	0.609826
25245.0	0.609644
25250.0	0.609437
25255.0	0.609245
25260.0	0.609029
25265.0	0.608796
25270.0	0.608649
25275.0	0.608517
25280.0	0.608367
25285.0	0.60818
25290.0	0.607982
25295.0	0.60782
25300.0	0.607665
25305.0	0.607549
25310.0	0.607428
25315.0	0.607291
25320.0	0.607155
25325.0	0.606991
25330.0	0.606856
25335.0	0.606723
25340.0	0.606596
25345.0	0.606445
25350.0	0.606257
25355.0	0.606089
25360.0	0.605911
25365.0	0.605738
25370.0	0.60557
25375.0	0.605394
25380.0	0.605195
25385.0	0.605002
25390.0	0.604835
25395.0	0.604684
25400.0	0.604517
25405.0	0.604331
25410.0	0.604168
25415.0	0.604015
25420.0	0.603868
25425.0	0.60372
25430.0	0.603573
25435.0	0.603393
25440.0	0.603204
25445.0	0.603009
25450.0	0.602793
25455.0	0.602575
25460.0	0.602364
25465.0	0.602148
25470.0	0.601981
25475.0	0.601829
25480.0	0.601642
25485.0	0.601479
25490.0	0.601306
25495.0	0.601129
25500.0	0.600974
25505.0	0.6008
25510.0	0.600604
25515.0	0.600391
25520.0	0.600158
25525.0	0.599933
25530.0	0.599732
25535.0	0.599571
25540.0	0.599462
25545.0	0.599333
25550.0	0.599223
25555.0	0.599101
25560.0	0.598964
25565.0	0.598776
25570.0	0.598593
25575.0	0.598417
25580.0	0.598265
25585.0	0.598108
25590.0	0.597947
25595.0	0.597778
25600.0	0.597593
25605.0	0.597405
25610.0	0.597241
25615.0	0.597048
25620.0	0.596846
25625.0	0.596665
25630.0	0.596495
25635.0	0.596345
25640.0	0.596198
25645.0	0.596017
25650.0	0.595834
25655.0	0.595678
25660.0	0.595522
25665.0	0.595361
25670.0	0.595207
25675.0	0.595012
25680.0	0.594805
25685.0	0.594579
25690.0	0.594408
25695.0	0.59423
25700.0	0.594045
25705.0	0.593866
25710.0	0.59372
25715.0	0.593576
25720.0	0.593445
25725.0	0.593288
25730.0	0.593116
25735.0	0.59296
25740.0	0.592805
25745.0	0.592633
25750.0	0.592455
25755.0	0.592289
25760.0	0.592098
25765.0	0.591909
25770.0	0.591735
25775.0	0.591545
25780.0	0.591357
25785.0	0.591153
25790.0	0.590984
25795.0	0.590817
25800.0	0.590659
25805.0	0.590495
25810.0	0.590311
25815.0	0.590132
25820.0	0.589972
25825.0	0.589804
25830.0	0.589645
25835.0	0.589467
25840.0	0.5893
25845.0	0.589143
25850.0	0.588995
25855.0	0.588831
25860.0	0.588673
25865.0	0.588533
25870.0	0.588377
25875.0	0.588215
25880.0	0.588054
25885.0	0.587878
25890.0	0.587686
25895.0	0.587511
25900.0	0.587322
25905.0	0.587135
25910.0	0.586939
25915.0	0.586724
25920.0	0.586525
25925.0	0.586311
25930.0	0.586099
25935.0	0.585914
25940.0	0.585781
25945.0	0.585648
25950.0	0.58549
25955.0	0.585315
25960.0	0.585126
25965.0	0.584961
25970.0	0.584786
25975.0	0.584587
25980.0	0.584384
25985.0	0.584192
25990.0	0.583972
25995.0	0.58377
26000.0	0.583625
26005.0	0.583476
26010.0	0.583299
26015.0	0.583134
26020.0	0.582985
26025.0	0.582818
26030.0	0.582679
26035.0	0.58251
26040.0	0.582317
26045.0	0.582123
26050.0	0.581932
26055.0	0.581749
26060.0	0.581606
26065.0	0.58147
26070.0	0.581327
26075.0	0.581169
26080.0	0.581001
26085.0	0.58084
26090.0	0.58064
26095.0	0.580468
26100.0	0.580293
26105.0	0.580139
26110.0	0.579979
26115.0	0.57981
26120.0	0.579646
26125.0	0.579458
26130.0	0.579271
26135.0	0.579111
26140.0	0.578949
26145.0	0.578792
26150.0	0.57861
26155.0	0.578419
26160.0	0.578206
26165.0	0.578
26170.0	0.57778
26175.0	0.577586
26180.0	0.577409
26185.0	0.577254
26190.0	0.577098
26195.0	0.576899
26200.0	0.576694
26205.0	0.576527
26210.0	0.576352
26215.0	0.576194
26220.0	0.576017
26225.0	0.575826
26230.0	0.575625
26235.0	0.575458
26240.0	0.575296
26245.0	0.575101
26250.0	0.574926
26255.0	0.574737
26260.0	0.574535
26265.0	0.574355
26270.0	0.574161
26275.0	0.573956
26280.0	0.573768
26285.0	0.573596
26290.0	0.573443
26295.0	0.573259
26300.0	0.573075
26305.0	0.572877
26310.0	0.57269
26315.0	0.572531
26320.0	0.572326
26325.0	0.572135
26330.0	0.571939
26335.0	0.571756
26340.0	0.571569
26345.0	0.57142
26350.0	0.571226
26355.0	0.571073
26360.0	0.570955
26365.0	0.570802
26370.0	0.570665
26375.0	0.570514
26380.0	0.570378
26385.0	0.570214
26390.0	0.570047
26395.0	0.569879
26400.0	0.569701
26405.0	0.569548
26410.0	0.569365
26415.0	0.569205
26420.0	0.569039
26425.0	0.568845
26430.0	0.568671
26435.0	0.568502
26440.0	0.568347
26445.0	0.568178
26450.0	0.567996
26455.0	0.567814
26460.0	0.567614
26465.0	0.567421
26470.0	0.56724
26475.0	0.567067
26480.0	0.566907
26485.0	0.56673
26490.0	0.566542
26495.0	0.56636
26500.0	0.566187
26505.0	0.56599
26510.0	0.565793
26515.0	0.565578
26520.0	0.565386
26525.0	0.565175
26530.0	0.564964
26535.0	0.564775
26540.0	0.564563
26545.0	0.564332
26550.0	0.564119
26555.0	0.56393
26560.0	0.563701
26565.0	0.563507
26570.0	0.563325
26575.0	0.563111
26580.0	0.562931
26585.0	0.562765
26590.0	0.562595
26595.0	0.56243
26600.0	0.562269
26605.0	0.562138
26610.0	0.562009
26615.0	0.561837
26620.0	0.561655
26625.0	0.56147
26630.0	0.561292
26635.0	0.561127
26640.0	0.560944
26645.0	0.560772
26650.0	0.560617
26655.0	0.560448
26660.0	0.560296
26665.0	0.560139
26670.0	0.559997
26675.0	0.559853
26680.0	0.559685
26685.0	0.559523
26690.0	0.559341
26695.0	0.559169
26700.0	0.559005
26705.0	0.55882
26710.0	0.558644
26715.0	0.558451
26720.0	0.558248
26725.0	0.558032
26730.0	0.557835
26735.0	0.557642
26740.0	0.557456
26745.0	0.55725
26750.0	0.557085
26755.0	0.556897
26760.0	0.556719
26765.0	0.556558
26770.0	0.556403
26775.0	0.556221
26780.0	0.556041
26785.0	0.555848
26790.0	0.555652
26795.0	0.555461
26800.0	0.555279
26805.0	0.555091
26810.0	0.554893
26815.0	0.554704
26820.0	0.554513
26825.0	0.554296
26830.0	0.554102
26835.0	0.553903
26840.0	0.553706
26845.0	0.553488
26850.0	0.553297
26855.0	0.553106
26860.0	0.552918
26865.0	0.552728
26870.0	0.552548
26875.0	0.552385
26880.0	0.552196
26885.0	0.552004
26890.0	0.55182
26895.0	0.551653
26900.0	0.551457
26905.0	0.551304
26910.0	0.551144
26915.0	0.550987
26920.0	0.55083
26925.0	0.550677
26930.0	0.550528
26935.0	0.550353
26940.0	0.550202
26945.0	0.550028
26950.0	0.549844
26955.0	0.549663
26960.0	0.549521
26965.0	0.549362
26970.0	0.549187
26975.0	0.548999
26980.0	0.548822
26985.0	0.548607
26990.0	0.548428
26995.0	0.548235
27000.0	0.548024
27005.0	0.547812
27010.0	0.547622
27015.0	0.547449
27020.0	0.547256
27025.0	0.547051
27030.0	0.546879
27035.0	0.546687
27040.0	0.546515
27045.0	0.546364
27050.0	0.546188
27055.0	0.546007
27060.0	0.545815
27065.0	0.545619
27070.0	0.545408
27075.0	0.545213
27080.0	0.545047
27085.0	0.544848
27090.0	0.544662
27095.0	0.544488
27100.0	0.544325
27105.0	0.544154
27110.0	0.543969
27115.0	0.543775
27120.0	0.543595
27125.0	0.543428
27130.0	0.543254
27135.0	0.543052
27140.0	0.542862
27145.0	0.542654
27150.0	0.542476
27155.0	0.542277
27160.0	0.542082
27165.0	0.541905
27170.0	0.541703
27175.0	0.541501
27180.0	0.541317
27185.0	0.541121
27190.0	0.540938
27195.0	0.540749
27200.0	0.540565
27205.0	0.540393
27210.0	0.540212
27215.0	0.540004
27220.0	0.539824
27225.0	0.53964
27230.0	0.539454
27235.0	0.539258
27240.0	0.539101
27245.0	0.538937
27250.0	0.538769
27255.0	0.538606
27260.0	0.538424
27265.0	0.538267
27270.0	0.538102
27275.0	0.537923
27280.0	0.537737
27285.0	0.537566
27290.0	0.537387
27295.0	0.537191
27300.0	0.537005
27305.0	0.536793
27310.0	0.536595
27315.0	0.536387
27320.0	0.536171
27325.0	0.535952
27330.0	0.535733
27335.0	0.535528
27340.0	0.53532
27345.0	0.535105
27350.0	0.534918
27355.0	0.534729
27360.0	0.534521
27365.0	0.534323
27370.0	0.534077
27375.0	0.533866
27380.0	0.533678
27385.0	0.533501
27390.0	0.533314
27395.0	0.533125
27400.0	0.532967
27405.0	0.532789
27410.0	0.532619
27415.0	0.532447
27420.0	0.532265
27425.0	0.532096
27430.0	0.531929
27435.0	0.531763
27440.0	0.531608
27445.0	0.531448
27450.0	0.531287
27455.0	0.531114
27460.0	0.530944
27465.0	0.530768
27470.0	0.530603
27475.0	0.530423
27480.0	0.530265
27485.0	0.530088
27490.0	0.529928
27495.0	0.529741
27500.0	0.529536
27505.0	0.529335
27510.0	0.52913
27515.0	0.528919
27520.0	0.528741
27525.0	0.528549
27530.0	0.528333
27535.0	0.528143
27540.0	0.52795
27545.0	0.527771
27550.0	0.527575
27555.0	0.527371
27560.0	0.527174
27565.0	0.526972
27570.0	0.526795
27575.0	0.52662
27580.0	0.526413
27585.0	0.526215
27590.0	0.526038
27595.0	0.525854
27600.0	0.525644
27605.0	0.52546
27610.0	0.52529
27615.0	0.525093
27620.0	0.524912
27625.0	0.52472
27630.0	0.524538
27635.0	0.524342
27640.0	0.524157
27645.0	0.523966
27650.0	0.523777
27655.0	0.523582
27660.0	0.523395
27665.0	0.523188
27670.0	0.522981
27675.0	0.522783
27680.0	0.522586
27685.0	0.522388
27690.0	0.522185
27695.0	0.521993
27700.0	0.521809
27705.0	0.521602
27710.0	0.521389
27715.0	0.521197
27720.0	0.521023
27725.0	0.520839
27730.0	0.520653
27735.0	0.520487
27740.0	0.520319
27745.0	0.520154
27750.0	0.519978
27755.0	0.519798
27760.0	0.519627
27765.0	0.519426
27770.0	0.519244
27775.0	0.519057
27780.0	0.518873
27785.0	0.51871
27790.0	0.518527
27795.0	0.518336
27800.0	0.518141
27805.0	0.517945
27810.0	0.517754
27815.0	0.517568
27820.0	0.517395
27825.0	0.517214
27830.0	0.517053
27835.0	0.516872
27840.0	0.516703
27845.0	0.516523
27850.0	0.51632
27855.0	0.516133
27860.0	0.515951
27865.0	0.515762
27870.0	0.515573
27875.0	0.515374
27880.0	0.515162
27885.0	0.514958
27890.0	0.514744
27895.0	0.514538
27900.0	0.514339
27905.0	0.514136
27910.0	0.513916
27915.0	0.513714
27920.0	0.513521
27925.0	0.513302
27930.0	0.513088
27935.0	0.512885
27940.0	0.512683
27945.0	0.512473
27950.0	0.51226
27955.0	0.512077
27960.0	0.51187
27965.0	0.511667
27970.0	0.511439
27975.0	0.511225
27980.0	0.511019
27985.0	0.510821
27990.0	0.510637
27995.0	0.510419
28000.0	0.510206
28005.0	0.510003
28010.0	0.50981
28015.0	0.509614
28020.0	0.509449
28025.0	0.509276
28030.0	0.509122
28035.0	0.508978
28040.0	0.508863
28045.0	0.508749
28050.0	0.508602
28055.0	0.508437
28060.0	0.508258
28065.0	0.508074
28070.0	0.507892
28075.0	0.507709
28080.0	0.507519
28085.0	0.507337
28090.0	0.507153
28095.0	0.506972
28100.0	0.506785
28105.0	0.506635
28110.0	0.506434
28115.0	0.50623
28120.0	0.506027
28125.0	0.505812
28130.0	0.505592
28135.0	0.5054
28140.0	0.505197
28145.0	0.505003
28150.0	0.504815
28155.0	0.50462
28160.0	0.504424
28165.0	0.50423
28170.0	0.504004
28175.0	0.50381
28180.0	0.50361
28185.0	0.503406
28190.0	0.503187
28195.0	0.502988
28200.0	0.502787
28205.0	0.502579
28210.0	0.502389
28215.0	0.50219
28220.0	0.502
28225.0	0.501816
28230.0	0.501622
28235.0	0.501423
28240.0	0.501263
28245.0	0.501092
28250.0	0.500936
28255.0	0.500754
28260.0	0.500589
28265.0	0.50041
28270.0	0.500237
28275.0	0.500055
28280.0	0.499887
28285.0	0.499737
28290.0	0.499555
28295.0	0.499353
28300.0	0.49916
28305.0	0.498968
28310.0	0.4988
28315.0	0.498603
28320.0	0.498418
28325.0	0.498212
28330.0	0.497973
28335.0	0.497758
28340.0	0.497546
28345.0	0.497327
28350.0	0.497072
28355.0	0.496834
28360.0	0.496585
28365.0	0.496353
28370.0	0.49612
28375.0	0.495899
28380.0	0.49566
28385.0	0.495428
28390.0	0.495163
28395.0	0.494929
28400.0	0.494695
28405.0	0.494462
28410.0	0.494218
28415.0	0.493937
28420.0	0.493667
28425.0	0.493391
28430.0	0.493137
28435.0	0.492921
28440.0	0.492761
28445.0	0.492645
28450.0	0.492579
28455.0	0.492503
28460.0	0.492447
28465.0	0.492406
28470.0	0.49232
28475.0	0.492199
28480.0	0.492031
28485.0	0.49186
28490.0	0.4917
28495.0	0.491515
28500.0	0.49135
28505.0	0.491154
28510.0	0.490966
28515.0	0.49076
28520.0	0.490588
28525.0	0.490387
28530.0	0.490178
28535.0	0.489996
28540.0	0.4898
28545.0	0.489623
28550.0	0.489449
28555.0	0.489268
28560.0	0.489107
28565.0	0.488912
28570.0	0.488691
28575.0	0.488498
28580.0	0.488293
28585.0	0.488086
28590.0	0.487883
28595.0	0.487673
28600.0	0.487496
28605.0	0.487313
28610.0	0.487149
28615.0	0.486993
28620.0	0.486811
28625.0	0.486632
28630.0	0.486417
28635.0	0.486208
28640.0	0.485999
28645.0	0.485768
28650.0	0.485539
28655.0	0.485302
28660.0	0.485076
28665.0	0.484819
28670.0	0.484553
28675.0	0.48433
28680.0	0.484107
28685.0	0.483883
28690.0	0.483662
28695.0	0.483434
28700.0	0.483211
28705.0	0.482964
28710.0	0.482747
28715.0	0.482514
28720.0	0.48227
28725.0	0.48204
28730.0	0.481826
28735.0	0.481605
28740.0	0.481386
28745.0	0.481121
28750.0	0.480855
28755.0	0.480586
28760.0	0.480314
28765.0	0.480015
28770.0	0.479747
28775.0	0.479536
28780.0	0.47937
28785.0	0.47926
28790.0	0.479163
28795.0	0.479126
28800.0	0.479046
28805.0	0.478988
28810.0	0.478925
28815.0	0.478802
28820.0	0.478631
28825.0	0.478463
28830.0	0.47825
28835.0	0.478061
28840.0	0.47785
28845.0	0.477636
28850.0	0.477452
28855.0	0.477237
28860.0	0.477066
28865.0	0.476885
28870.0	0.476685
28875.0	0.47644
28880.0	0.476186
28885.0	0.475909
28890.0	0.47565
28895.0	0.475365
28900.0	0.475063
28905.0	0.474793
28910.0	0.474555
28915.0	0.474316
28920.0	0.474137
28925.0	0.4739
28930.0	0.473705
28935.0	0.47351
28940.0	0.473298
28945.0	0.473073
28950.0	0.472804
28955.0	0.472553
28960.0	0.472293
28965.0	0.472034
28970.0	0.471771
28975.0	0.47151
28980.0	0.471174
28985.0	0.470909
28990.0	0.470573
28995.0	0.470291
29000.0	0.469981
29005.0	0.469548
29010.0	0.469215
29015.0	0.468829
29020.0	0.468345
29025.0	0.467889
29030.0	0.467405
29035.0	0.466882
29040.0	0.466405
29045.0	0.46593
29050.0	0.465461
29055.0	0.465016
29060.0	0.46465
29065.0	0.46442
29070.0	0.46439
29075.0	0.464675
29080.0	0.465345
29085.0	0.46591
29090.0	0.466122
29095.0	0.466155
29100.0	0.46613
29105.0	0.466065
29110.0	0.465908
29115.0	0.465709
29120.0	0.465468
29125.0	0.465257
29130.0	0.465035
29135.0	0.464876
29140.0	0.464804
29145.0	0.464773
29150.0	0.46475
29155.0	0.464651
29160.0	0.464529
29165.0	0.464421
29170.0	0.464315
29175.0	0.464189
29180.0	0.464026
29185.0	0.463873
29190.0	0.463688
29195.0	0.463468
29200.0	0.463252
29205.0	0.463035
29210.0	0.462803
29215.0	0.462576
29220.0	0.462302
29225.0	0.462071
29230.0	0.461804
29235.0	0.461588
29240.0	0.461342
29245.0	0.461116
29250.0	0.460885
29255.0	0.460667
29260.0	0.460428
29265.0	0.46021
29270.0	0.459941
29275.0	0.45969
29280.0	0.459418
29285.0	0.459105
29290.0	0.45881
29295.0	0.458417
29300.0	0.458123
29305.0	0.457755
29310.0	0.457399
29315.0	0.456986
29320.0	0.45654
29325.0	0.456156
29330.0	0.455716
29335.0	0.455284
29340.0	0.454776
29345.0	0.454274
29350.0	0.453759
29355.0	0.453177
29360.0	0.452645
29365.0	0.452033
29370.0	0.451509
29375.0	0.45094
29380.0	0.450332
29385.0	0.449881
29390.0	0.449497
29395.0	0.449234
29400.0	0.449298
29405.0	0.450468
29410.0	0.45131
29415.0	0.452188
29420.0	0.452617
29425.0	0.452519
29430.0	0.452608
29435.0	0.452375
29440.0	0.452257
29445.0	0.452009
29450.0	0.451815
29455.0	0.451687
29460.0	0.451467
29465.0	0.451348
29470.0	0.451382
29475.0	0.451211
29480.0	0.451083
29485.0	0.450855
29490.0	0.450614
29495.0	0.450462
29500.0	0.450296
29505.0	0.450037
29510.0	0.449816
29515.0	0.449455
29520.0	0.449084
29525.0	0.448653
29530.0	0.448652
29535.0	0.448088
29540.0	0.448033
29545.0	0.44747
29550.0	0.446934
29555.0	0.4465
29560.0	0.445987
29565.0	0.44557
29570.0	0.445091
29575.0	0.444194
29580.0	0.44355
29585.0	0.443087
29590.0	0.442324
29595.0	0.441582
29600.0	0.44082
29605.0	0.440102
29610.0	0.439152
29615.0	0.438194
29620.0	0.437166
29625.0	0.436301
29630.0	0.435359
29635.0	0.434357
29640.0	0.433326
29645.0	0.432934
29650.0	0.432915
29655.0	0.433867
29660.0	0.435672
29665.0	0.437387
29670.0	0.437984
29675.0	0.438644
29680.0	0.438846
29685.0	0.438707
29690.0	0.438384
29695.0	0.437959
29700.0	0.437517
29705.0	0.437095
29710.0	0.436769
29715.0	0.436541
29720.0	0.436494
29725.0	0.437213
29730.0	0.438061
29735.0	0.438542
29740.0	0.438783
29745.0	0.439184
29750.0	0.439395
29755.0	0.43914
29760.0	0.439122
29765.0	0.439011
29770.0	0.438818
29775.0	0.438496
29780.0	0.438185
29785.0	0.437928
29790.0	0.437622
29795.0	0.437379
29800.0	0.437311
29805.0	0.437162
29810.0	0.436838
29815.0	0.436476
29820.0	0.436128
29825.0	0.435901
29830.0	0.43537
29835.0	0.434871
29840.0	0.434411
29845.0	0.433816
29850.0	0.43309
29855.0	0.432458
29860.0	0.431834
29865.0	0.431295
29870.0	0.430573
29875.0	0.430038
29880.0	0.429459
29885.0	0.428935
29890.0	0.428543
29895.0	0.427959
29900.0	0.427141
29905.0	0.426423
29910.0	0.425307
29915.0	0.424599
29920.0	0.423356
29925.0	0.421945
29930.0	0.420711
29935.0	0.419493
29940.0	0.418253
29945.0	0.416839
29950.0	0.415642
29955.0	0.414853
29960.0	0.414215
29965.0	0.414248
29970.0	0.415305
29975.0	0.418079
29980.0	0.420925
29985.0	0.422881
29990.0	0.423911
29995.0	0.424122
30000.0	0.42424
30005.0	0.423998
30010.0	0.423767
30015.0	0.42347
30020.0	0.423453
30025.0	0.42334
30030.0	0.423239
30035.0	0.423498
30040.0	0.423771
30045.0	0.424273
30050.0	0.424419
30055.0	0.424412
30060.0	0.424169
30065.0	0.423967
30070.0	0.423773
30075.0	0.423628
30080.0	0.423109
30085.0	0.42264
30090.0	0.42183
30095.0	0.421459
30100.0	0.420882
30105.0	0.420094
30110.0	0.419385
30115.0	0.418569
30120.0	0.417856
30125.0	0.416995
30130.0	0.415962
30135.0	0.414795
30140.0	0.414182
30145.0	0.412653
30150.0	0.411354
30155.0	0.409834
30160.0	0.408731
30165.0	0.407098
30170.0	0.40536
30175.0	0.403393
30180.0	0.401581
30185.0	0.400405
30190.0	0.399122
30195.0	0.397217
30200.0	0.396435
30205.0	0.39674
30210.0	0.398171
30215.0	0.401732
30220.0	0.404899
30225.0	0.405481
30230.0	0.405325
30235.0	0.4048
30240.0	0.40355
30245.0	0.402459
30250.0	0.401448
30255.0	0.400691
30260.0	0.399743
30265.0	0.399049
30270.0	0.399237
30275.0	0.400067
30280.0	0.402893
30285.0	0.407153
30290.0	0.409351
30295.0	0.409985
30300.0	0.410609
30305.0	0.410462
30310.0	0.410189
30315.0	0.409721
30320.0	0.409422
30325.0	0.409038
30330.0	0.408861
30335.0	0.408632
30340.0	0.408719
30345.0	0.408946
30350.0	0.408588
30355.0	0.408522
30360.0	0.407996
30365.0	0.407444
30370.0	0.407037
30375.0	0.406407
30380.0	0.405533
30385.0	0.40463
30390.0	0.403713
30395.0	0.402771
30400.0	0.401779
30405.0	0.400582
30410.0	0.399247
30415.0	0.398252
30420.0	0.396762
30425.0	0.39487
30430.0	0.393176
30435.0	0.391472
30440.0	0.389924
30445.0	0.387781
30450.0	0.385185
30455.0	0.38304
30460.0	0.381098
30465.0	0.378772
30470.0	0.375903
30475.0	0.373147
30480.0	0.371173
30485.0	0.369988
30490.0	0.369399
30495.0	0.370849
30500.0	0.374274
30505.0	0.377697
30510.0	0.381652
30515.0	0.38605
30520.0	0.387899
30525.0	0.387871
30530.0	0.387519
30535.0	0.386806
30540.0	0.385421
30545.0	0.384354
30550.0	0.383619
30555.0	0.383156
30560.0	0.382964
30565.0	0.383951
30570.0	0.386217
30575.0	0.388579
30580.0	0.390435
30585.0	0.392013
30590.0	0.392771
30595.0	0.392686
30600.0	0.39241
30605.0	0.391831
30610.0	0.391219
30615.0	0.390401
30620.0	0.389739
30625.0	0.388969
30630.0	0.388123
30635.0	0.387286
30640.0	0.386477
30645.0	0.385674
30650.0	0.384847
30655.0	0.383562
30660.0	0.381959
30665.0	0.380224
30670.0	0.378926
30675.0	0.377428
30680.0	0.374783
30685.0	0.372412
30690.0	0.37055
30695.0	0.368027
30700.0	0.366467
30705.0	0.363037
30710.0	0.361396
30715.0	0.360009
30720.0	0.359585
30725.0	0.36097
30730.0	0.363721
30735.0	0.363854
30740.0	0.362628
30745.0	0.360902
30750.0	0.357667
30755.0	0.354612
30760.0	0.351545
30765.0	0.34928
30770.0	0.347154
30775.0	0.344674
30780.0	0.34398
30785.0	0.345629
30790.0	0.349888
30795.0	0.358633
30800.0	0.365224
30805.0	0.367192
30810.0	0.367659
30815.0	0.367408
30820.0	0.367043
30825.0	0.366873
30830.0	0.366172
30835.0	0.365643
30840.0	0.365662
30845.0	0.366334
30850.0	0.367951
30855.0	0.369927
30860.0	0.371347
30865.0	0.372481
30870.0	0.372737
30875.0	0.372713
30880.0	0.371992
30885.0	0.371286
30890.0	0.369983
30895.0	0.368615
30900.0	0.366705
30905.0	0.365443
30910.0	0.364452
30915.0	0.362656
30920.0	0.360464
30925.0	0.358273
30930.0	0.356501
30935.0	0.354681
30940.0	0.35198
30945.0	0.34869
30950.0	0.345691
30955.0	0.34324
30960.0	0.339605
30965.0	0.336089
30970.0	0.332128
30975.0	0.328843
30980.0	0.326696
30985.0	0.3242
30990.0	0.3223
30995.0	0.324277
31000.0	0.329056
31005.0	0.333644
31010.0	0.334714
31015.0	0.333534
31020.0	0.330742
31025.0	0.328225
31030.0	0.325368
31035.0	0.322383
31040.0	0.319611
31045.0	0.318178
31050.0	0.318476
31055.0	0.320642
31060.0	0.327927
31065.0	0.336709
31070.0	0.341604
31075.0	0.343746
31080.0	0.344981
31085.0	0.345333
31090.0	0.344482
31095.0	0.343302
31100.0	0.342809
31105.0	0.342009
31110.0	0.341595
31115.0	0.341957
31120.0	0.342454
31125.0	0.34276
31130.0	0.343202
31135.0	0.3431
31140.0	0.342694
31145.0	0.342033
31150.0	0.340687
31155.0	0.338975
31160.0	0.336618
31165.0	0.333951
31170.0	0.332014
31175.0	0.329839
31180.0	0.326796
31185.0	0.323952
31190.0	0.321901
31195.0	0.320927
31200.0	0.320615
31205.0	0.319119
31210.0	0.316083
31215.0	0.312876
31220.0	0.309774
31225.0	0.30621
31230.0	0.301976
31235.0	0.297754
31240.0	0.294777
31245.0	0.294651
31250.0	0.296033
31255.0	0.299573
31260.0	0.303278
31265.0	0.304635
31270.0	0.303686
31275.0	0.301801
31280.0	0.300288
31285.0	0.298652
31290.0	0.296552
31295.0	0.296465
31300.0	0.298674
31305.0	0.301529
31310.0	0.307935
31315.0	0.311137
31320.0	0.314092
31325.0	0.315535
31330.0	0.316644
31335.0	0.316236
31340.0	0.316703
31345.0	0.314097
31350.0	0.312608
31355.0	0.311041
31360.0	0.309145
31365.0	0.308045
31370.0	0.307901
31375.0	0.306817
31380.0	0.305479
31385.0	0.304644
31390.0	0.303397
31395.0	0.301474
31400.0	0.299402
31405.0	0.29644
31410.0	0.292933
31415.0	0.290568
31420.0	0.287925
31425.0	0.285462
31430.0	0.283108
31435.0	0.281791
31440.0	0.281131
31445.0	0.280411
31450.0	0.278528
31455.0	0.275362
31460.0	0.271324
31465.0	0.268474
31470.0	0.26637
31475.0	0.264719
31480.0	0.265462
31485.0	0.267986
31490.0	0.270891
31495.0	0.273528
31500.0	0.275319
31505.0	0.275322
31510.0	0.274705
31515.0	0.273637
31520.0	0.272381
31525.0	0.270961
31530.0	0.271
31535.0	0.270901
31540.0	0.271601
31545.0	0.273553
31550.0	0.276054
31555.0	0.277462
31560.0	0.278222
31565.0	0.278164
31570.0	0.277403
31575.0	0.275726
31580.0	0.273339
31585.0	0.271303
31590.0	0.270324
31595.0	0.268391
31600.0	0.266569
31605.0	0.264695
31610.0	0.263503
31615.0	0.262832
31620.0	0.261782
31625.0	0.260624
31630.0	0.258457
31635.0	0.256587
31640.0	0.255
31645.0	0.252727
31650.0	0.248841
31655.0	0.246032
31660.0	0.243174
31665.0	0.241344
31670.0	0.238688
31675.0	0.235664
31680.0	0.233402
31685.0	0.233266
31690.0	0.233949
31695.0	0.23598
31700.0	0.239934
31705.0	0.243772
31710.0	0.246101
31715.0	0.246767
31720.0	0.246921
31725.0	0.247019
31730.0	0.247115
31735.0	0.246869
31740.0	0.246075
31745.0	0.245546
31750.0	0.244414
31755.0	0.243356
31760.0	0.243692
31765.0	0.244461
31770.0	0.244466
31775.0	0.245182
31780.0	0.24473
31785.0	0.243166
31790.0	0.242365
31795.0	0.240283
31800.0	0.23741
31805.0	0.234845
31810.0	0.232073
31815.0	0.229412
31820.0	0.227581
31825.0	0.225487
31830.0	0.222532
31835.0	0.220987
31840.0	0.219084
31845.0	0.217057
31850.0	0.215881
31855.0	0.2132
31860.0	0.210402
31865.0	0.208725
31870.0	0.207495
31875.0	0.206499
31880.0	0.203731
31885.0	0.202198
31890.0	0.201321
31895.0	0.201089
31900.0	0.2025
31905.0	0.204071
31910.0	0.206329
31915.0	0.208824
31920.0	0.209394
31925.0	0.210052
31930.0	0.209703
31935.0	0.209797
31940.0	0.209998
31945.0	0.209273
31950.0	0.207969
31955.0	0.206611
31960.0	0.208192
31965.0	0.206513
31970.0	0.206103
31975.0	0.205282
31980.0	0.204228
31985.0	0.203228
31990.0	0.202756
31995.0	0.201905
32000.0	0.199858
32005.0	0.197936
32010.0	0.195939
32015.0	0.194547
32020.0	0.193355
32025.0	0.192558
32030.0	0.191832
32035.0	0.191265
32040.0	0.190106
32045.0	0.1884
32050.0	0.187427
32055.0	0.185989
32060.0	0.183773
32065.0	0.181658
32070.0	0.179513
32075.0	0.177583
32080.0	0.175376
32085.0	0.172561
32090.0	0.170357
32095.0	0.168694
32100.0	0.167269
32105.0	0.165815
32110.0	0.165728
32115.0	0.166469
32120.0	0.166567
32125.0	0.166777
32130.0	0.166912
32135.0	0.168164
32140.0	0.166898
32145.0	0.16696
32150.0	0.166051
32155.0	0.165526
32160.0	0.165201
32165.0	0.1637
32170.0	0.162365
32175.0	0.161757
32180.0	0.161636
32185.0	0.160729
32190.0	0.160145
32195.0	0.158977
32200.0	0.158491
32205.0	0.156629
32210.0	0.15454
32215.0	0.152869
32220.0	0.151544
32225.0	0.15137
32230.0	0.151564
32235.0	0.15207
32240.0	0.152908
32245.0	0.152562
32250.0	0.152603
32255.0	0.152617
32260.0	0.152852
32265.0	0.152293
32270.0	0.151001
32275.0	0.150593
32280.0	0.151062
32285.0	0.150975
32290.0	0.148835
32295.0	0.146346
32300.0	0.14516
32305.0	0.143868
32310.0	0.142081
32315.0	0.137981
32320.0	0.133959
32325.0	0.131434
32330.0	0.129973
32335.0	0.129092
32340.0	0.127601
32345.0	0.125301
32350.0	0.12385
32355.0	0.12331
32360.0	0.122622
32365.0	0.12209
32370.0	0.120898
32375.0	0.119977
32380.0	0.119154
32385.0	0.118868
32390.0	0.118251
32395.0	0.117891
32400.0	0.118024
32405.0	0.119206
32410.0	0.119855
32415.0	0.119198
32420.0	0.117617
32425.0	0.115464
32430.0	0.113771
32435.0	0.11219
32440.0	0.110935
32445.0	0.110636
32450.0	0.110278
32455.0	0.109606
32460.0	0.109342
32465.0	0.109066
32470.0	0.109043
32475.0	0.109203
32480.0	0.109642
32485.0	0.109622
32490.0	0.110324
32495.0	0.110333
32500.0	0.109615
32505.0	0.108559
32510.0	0.108183
32515.0	0.107518
32520.0	0.106544
32525.0	0.10497
32530.0	0.103534
32535.0	0.102473
32540.0	0.101413
32545.0	0.100273
32550.0	0.0988203
32555.0	0.0970632
32560.0	0.0954137
32565.0	0.0935861
32570.0	0.0923102
32575.0	0.0905929
32580.0	0.0888558
32585.0	0.0868347
32590.0	0.0858756
32595.0	0.0852489
32600.0	0.0842351
32605.0	0.0834695
32610.0	0.0823304
32615.0	0.0809634
32620.0	0.0798837
32625.0	0.0785542
32630.0	0.077122
32635.0	0.0759658
32640.0	0.0752744
32645.0	0.0750601
32650.0	0.0745581
32655.0	0.0745026
32660.0	0.0748178
32665.0	0.0748789
32670.0	0.0749965
32675.0	0.0745698
32680.0	0.0738335
32685.0	0.0733779
32690.0	0.0728733
32695.0	0.0719551
32700.0	0.071494
32705.0	0.0710215
32710.0	0.0708402
32715.0	0.0709251
32720.0	0.0706883
32725.0	0.0705752
32730.0	0.0704246
32735.0	0.0704007
32740.0	0.0695641
32745.0	0.0687666
32750.0	0.0680205
32755.0	0.0676486
32760.0	0.0669949
32765.0	0.065777
32770.0	0.0645703
32775.0	0.0635505
32780.0	0.0626846
32785.0	0.0617283
32790.0	0.060456
32795.0	0.0589591
32800.0	0.0575856
32805.0	0.0566705
32810.0	0.0560523
32815.0	0.0547378
32820.0	0.053852
32825.0	0.0518765
32830.0	0.0512476
32835.0	0.0503599
32840.0	0.0497507
32845.0	0.0491411
32850.0	0.048507
32855.0	0.0478177
32860.0	0.0470835
32865.0	0.0464477
32870.0	0.0456802
32875.0	0.0446102
32880.0	0.0437993
32885.0	0.04346
32890.0	0.0429559
32895.0	0.0428205
32900.0	0.0426808
32905.0	0.0425888
32910.0	0.0427691
32915.0	0.0428845
32920.0	0.0428279
32925.0	0.0424814
32930.0	0.0419665
32935.0	0.0417783
32940.0	0.0412388
32945.0	0.0410121
32950.0	0.0404848
32955.0	0.0404872
32960.0	0.0394406
32965.0	0.0392454
32970.0	0.0392649
32975.0	0.0387319
32980.0	0.0379471
32985.0	0.0373226
32990.0	0.0368471
32995.0	0.0363108
33000.0	0.0355528
33005.0	0.0346955
33010.0	0.0337579
33015.0	0.0330093
33020.0	0.0324856
33025.0	0.0319933
33030.0	0.0311856
33035.0	0.0303916
33040.0	0.0296435
33045.0	0.0290186
33050.0	0.0284574
33055.0	0.027768
33060.0	0.0271378
33065.0	0.0265805
33070.0	0.0258651
33075.0	0.0254211
33080.0	0.0250678
33085.0	0.0248314
33090.0	0.0243566
33095.0	0.0239071
33100.0	0.0235771
33105.0	0.0232547
33110.0	0.0229252
33115.0	0.0226883
33120.0	0.0225218
33125.0	0.0223419
33130.0	0.0221295
33135.0	0.022037
33140.0	0.0218995
33145.0	0.0217155
33150.0	0.0215496
33155.0	0.0214041
33160.0	0.021246
33165.0	0.0209764
33170.0	0.0205483
33175.0	0.0201277
33180.0	0.0197038
33185.0	0.0194604
33190.0	0.0191341
33195.0	0.0187555
33200.0	0.0184406
33205.0	0.0177475
33210.0	0.0171385
33215.0	0.0167702
33220.0	0.0163699
33225.0	0.0158569
33230.0	0.0152961
33235.0	0.0149288
33240.0	0.0144394
33245.0	0.0140356
33250.0	0.0137593
33255.0	0.013368
33260.0	0.0129968
33265.0	0.0127211
33270.0	0.0125398
33275.0	0.0124279
33280.0	0.0122765
33285.0	0.0120869
33290.0	0.0118576
33295.0	0.0117467
33300.0	0.0115412
33305.0	0.0112978
33310.0	0.0109488
33315.0	0.0107551
33320.0	0.0106504
33325.0	0.0104595
33330.0	0.0103624
33335.0	0.0100728
33340.0	0.0101847
33345.0	0.0100123
33350.0	0.00988125
33355.0	0.00974121
33360.0	0.00959924
33365.0	0.00939298
33370.0	0.00913391
33375.0	0.00882576
33380.0	0.00848097
33385.0	0.00842024
33390.0	0.00823811
33395.0	0.00790503
33400.0	0.00755374
33405.0	0.00721626
33410.0	0.00709824
33415.0	0.00696371
33420.0	0.006727
33425.0	0.0064509
33430.0	0.00597029
33435.0	0.00582854
33440.0	0.00580784
33445.0	0.00575532
33450.0	0.00547483
33455.0	0.00523913
33460.0	0.00514805
33465.0	0.00514721
33470.0	0.00505712
33475.0	0.00481568
33480.0	0.00482281
33485.0	0.00481062
33490.0	0.00463127
33495.0	0.00462387
33500.0	0.00459351
33505.0	0.00447362
33510.0	0.00433591
33515.0	0.00422607
33520.0	0.00411157
33525.0	0.00401077
33530.0	0.00395365
33535.0	0.00395295
33540.0	0.00385626
33545.0	0.00375329
33550.0	0.00364519
33555.0	0.00356372
33560.0	0.00347089
33565.0	0.00334284
33570.0	0.00322959
33575.0	0.0031852
33580.0	0.00309698
33585.0	0.0029896
33590.0	0.00283102
33595.0	0.00275673
33600.0	0.00268478
33605.0	0.00260309
33610.0	0.00251337
33615.0	0.00238102
33620.0	0.00226377
33625.0	0.00218982
33630.0	0.00213267
33635.0	0.00209181
33640.0	0.00202791
33645.0	0.00194577
33650.0	0.00186716
33655.0	0.00179899
33660.0	0.00172733
33665.0	0.00165552
33670.0	0.00158037
33675.0	0.00145488
33680.0	0.00140094
33685.0	0.00136377
33690.0	0.00135525
33695.0	0.00136192
33700.0	0.00132435
33705.0	0.00129976
33710.0	0.00126144
33715.0	0.00129721
33720.0	0.00126006
33725.0	0.00123837
33730.0	0.00121507
33735.0	0.00119167
33740.0	0.00118514
33745.0	0.00114241
33750.0	0.00111772
33755.0	0.00106837
33760.0	0.00101671
33765.0	0.00095243
33770.0	0.00089087
33775.0	0.0008455
33780.0	0.00081574
33785.0	0.00078905
33790.0	0.00074934
33795.0	0.00071723
33800.0	0.00068594
33805.0	0.00067153
33810.0	0.00066056
33815.0	0.000646
33820.0	0.0006334
33825.0	0.00062524
33830.0	0.00060705
33835.0	0.00058609
33840.0	0.00056512
33845.0	0.00053377
33850.0	0.00049982
33855.0	0.00046794
33860.0	0.00044214
33865.0	0.00043114
33870.0	0.0004098
33875.0	0.00037908
33880.0	0.00035463
33885.0	0.0003371
33890.0	0.00032057
33895.0	0.00030627
33900.0	0.00029637
33905.0	0.00027954
33910.0	0.00026512
33915.0	0.00025523
33920.0	0.00024778
33925.0	0.00023918
33930.0	0.00022991
33935.0	0.0002194
33940.0	0.00020633
33945.0	0.00019916
33950.0	0.00019192
33955.0	0.00018855
33960.0	0.0001841
33965.0	0.00017779
33970.0	0.00017021
33975.0	0.00016283
33980.0	0.00015748
33985.0	0.00014859
33990.0	0.00014505
33995.0	0.00014199
34000.0	0.00013892
34005.0	0.00013624
34010.0	0.00013447
34015.0	0.00013322
34020.0	0.00012925
34025.0	0.00012377
34030.0	0.00012023
34035.0	0.00011602
34040.0	0.0001105
34045.0	0.00010425
34050.0	9.819e-05
34055.0	9.287e-05
34060.0	8.733e-05
34065.0	8.285e-05
34070.0	7.751e-05
34075.0	7.154e-05
34080.0	6.616e-05
34085.0	6.212e-05
34090.0	5.883e-05
34095.0	5.634e-05
34100.0	5.334e-05
34105.0	4.907e-05
34110.0	4.524e-05
34115.0	4.275e-05
34120.0	4.106e-05
34125.0	3.858e-05
34130.0	3.637e-05
34135.0	3.368e-05
34140.0	3.115e-05
34145.0	2.918e-05
34150.0	2.802e-05
34155.0	2.727e-05
34160.0	2.603e-05
34165.0	2.498e-05
34170.0	2.429e-05
34175.0	2.377e-05
34180.0	2.353e-05
34185.0	2.312e-05
34190.0	2.246e-05
34195.0	2.228e-05
34200.0	2.149e-05
34205.0	2.118e-05
34210.0	2.056e-05
34215.0	1.979e-05
34220.0	1.88e-05
34225.0	1.758e-05
34230.0	1.643e-05
34235.0	1.57e-05
34240.0	1.526e-05
34245.0	1.465e-05
34250.0	1.385e-05
34255.0	1.298e-05
34260.0	1.223e-05
34265.0	1.177e-05
34270.0	1.155e-05
34275.0	1.094e-05
34280.0	1.002e-05
34285.0	8.98e-06
34290.0	8.09e-06
34295.0	7.5e-06
34300.0	7.02e-06
34305.0	6.48e-06
34310.0	5.9e-06
34315.0	5.37e-06
34320.0	4.9e-06
34325.0	4.53e-06
34330.0	4.34e-06
34335.0	4.05e-06
34340.0	3.7e-06
34345.0	3.37e-06
34350.0	3.13e-06
34355.0	2.94e-06
34360.0	2.74e-06
34365.0	2.54e-06
34370.0	2.35e-06
34375.0	2.23e-06
34380.0	2.08e-06
34385.0	1.97e-06
34390.0	1.9e-06
34395.0	1.78e-06
34400.0	1.67e-06
34405.0	1.55e-06
34410.0	1.47e-06
34415.0	1.43e-06
34420.0	1.39e-06
34425.0	1.32e-06
34430.0	1.25e-06
34435.0	1.19e-06
34440.0	1.13e-06
34445.0	1.1e-06
34450.0	1.08e-06
34455.0	1.03e-06
34460.0	9e-07
34465.0	8.7e-07
34470.0	8e-07
34475.0	7.7e-07
34480.0	7.5e-07
34485.0	7.2e-07
34490.0	6.8e-07
34495.0	6.7e-07
34500.0	6.1e-07
34505.0	6.1e-07
34510.0	5.8e-07
34515.0	5.5e-07
34520.0	5.2e-07
34525.0	4.8e-07
34530.0	4.3e-07
34535.0	3.9e-07
34540.0	3.6e-07
34545.0	3.3e-07
34550.0	2.9e-07
34555.0	2.8e-07
34560.0	2.5e-07
34565.0	2.4e-07
34570.0	2.3e-07
34575.0	2.2e-07
34580.0	2e-07
34585.0	1.9e-07
34590.0	1.8e-07
34595.0	1.7e-07
34600.0	1.6e-07
34605.0	1.5e-07
34610.0	1.4e-07
34615.0	1.2e-07
34620.0	1.1e-07
34625.0	1.1e-07
34630.0	1e-07
34635.0	1e-07
34640.0	9e-08
34645.0	8e-08
34650.0	8e-08
34655.0	7e-08
34660.0	7e-08
34665.0	7e-08
34670.0	7e-08
34675.0	6e-08
34680.0	6e-08
34685.0	6e-08
34690.0	5e-08
34695.0	5e-08
34700.0	4e-08
34705.0	4e-08
34710.0	4e-08
34715.0	4e-08
34720.0	3e-08
34725.0	3e-08
34730.0	3e-08
34735.0	2e-08
34740.0	2e-08
34745.0	2e-08
34750.0	2e-08
34755.0	2e-08
34760.0	1e-08
34765.0	1e-08
34770.0	1e-08
34775.0	1e-08
34780.0	1e-08
34785.0	1e-08
34790.0	1e-08
34795.0	0
34800.0	0
34805.0	0
34810.0	0
34815.0	0
34820.0	0
34825.0	0
34830.0	0
34835.0	0
34840.0	0
34845.0	0
34850.0	0
34855.0	0
34860.0	0
34865.0	0
34870.0	0
34875.0	0
34880.0	0
34885.0	0
34890.0	0
34895.0	0
34900.0	0
34905.0	0
34910.0	0
34915.0	0
34920.0	0
34925.0	0
34930.0	0
34935.0	0
34940.0	0
34945.0	0
34950.0	0
34955.0	0
34960.0	0
34965.0	0
34970.0	0
34975.0	0
34980.0	0
34985.0	0
34990.0	0
34995.0	0
35000.0	0
35005.0	0
35010.0	0
35015.0	0
35020.0	0
35025.0	0
35030.0	0
35035.0	0
35040.0	0
35045.0	0
35050.0	0
35055.0	0
35060.0	0
35065.0	0
35070.0	0
35075.0	0
35080.0	0
35085.0	0
35090.0	0
35095.0	0
