9040.0	0.801846
9045.0	0.858471
9050.0	0.88999
9055.0	0.808462
9060.0	0.898289
9065.0	0.857142
9070.0	0.865262
9075.0	0.84227
9080.0	0.890981
9085.0	0.872717
9090.0	0.883338
9095.0	0.856563
9100.0	0.886496
9105.0	0.900969
9110.0	0.881313
9115.0	0.928633
9120.0	0.906126
9125.0	0.874952
9130.0	0.923994
9135.0	0.881105
9140.0	0.917563
9145.0	0.92212
9150.0	0.890211
9155.0	0.887774
9160.0	0.930097
9165.0	0.929035
9170.0	0.887831
9175.0	0.923718
9180.0	0.904155
9185.0	0.922127
9190.0	0.929835
9195.0	0.925942
9200.0	0.917161
9205.0	0.883211
9210.0	0.91187
9215.0	0.925394
9220.0	0.92153
9225.0	0.925713
9230.0	0.904146
9235.0	0.930131
9240.0	0.928405
9245.0	0.913606
9250.0	0.926834
9255.0	0.909084
9260.0	0.926872
9265.0	0.927752
9270.0	0.927951
9275.0	0.926116
9280.0	0.912123
9285.0	0.927098
9290.0	0.926406
9295.0	0.927818
9300.0	0.927126
9305.0	0.91397
9310.0	0.926568
9315.0	0.926365
9320.0	0.924255
9325.0	0.920859
9330.0	0.923295
9335.0	0.92354
9340.0	0.923254
9345.0	0.919728
9350.0	0.919438
9355.0	0.920285
9360.0	0.919748
9365.0	0.916915
9370.0	0.918392
9375.0	0.918492
9380.0	0.918008
9385.0	0.918179
9390.0	0.917115
9395.0	0.918301
9400.0	0.91884
9405.0	0.918923
9410.0	0.919164
9415.0	0.919273
9420.0	0.920087
9425.0	0.920029
9430.0	0.920354
9435.0	0.920463
9440.0	0.920711
9445.0	0.920956
9450.0	0.921461
9455.0	0.921899
9460.0	0.922348
9465.0	0.922795
9470.0	0.923108
9475.0	0.923534
9480.0	0.923806
9485.0	0.924169
9490.0	0.924355
9495.0	0.924536
9500.0	0.924578
9505.0	0.924844
9510.0	0.924949
9515.0	0.92527
9520.0	0.925247
9525.0	0.924942
9530.0	0.924885
9535.0	0.925689
9540.0	0.925745
9545.0	0.925788
9550.0	0.925819
9555.0	0.925838
9560.0	0.925853
9565.0	0.925871
9570.0	0.925889
9575.0	0.925899
9580.0	0.9259
9585.0	0.925889
9590.0	0.925875
9595.0	0.925866
9600.0	0.925831
9605.0	0.92575
9610.0	0.92565
9615.0	0.925716
9620.0	0.925688
9625.0	0.925644
9630.0	0.925569
9635.0	0.925611
9640.0	0.925429
9645.0	0.925374
9650.0	0.925368
9655.0	0.925412
9660.0	0.9255
9665.0	0.925461
9670.0	0.925418
9675.0	0.924723
9680.0	0.925326
9685.0	0.925288
9690.0	0.925141
9695.0	0.924308
9700.0	0.924717
9705.0	0.925093
9710.0	0.924575
9715.0	0.924499
9720.0	0.922975
9725.0	0.92486
9730.0	0.922521
9735.0	0.923252
9740.0	0.924726
9745.0	0.923676
9750.0	0.923409
9755.0	0.92365
9760.0	0.92451
9765.0	0.918488
9770.0	0.922271
9775.0	0.921554
9780.0	0.924297
9785.0	0.922369
9790.0	0.923229
9795.0	0.924063
9800.0	0.922774
9805.0	0.924016
9810.0	0.917751
9815.0	0.923485
9820.0	0.923871
9825.0	0.92338
9830.0	0.922053
9835.0	0.922071
9840.0	0.923655
9845.0	0.920743
9850.0	0.923497
9855.0	0.921348
9860.0	0.922001
9865.0	0.923363
9870.0	0.921898
9875.0	0.922922
9880.0	0.919237
9885.0	0.921793
9890.0	0.92255
9895.0	0.921795
9900.0	0.919353
9905.0	0.913907
9910.0	0.917805
9915.0	0.921596
9920.0	0.918824
9925.0	0.922025
9930.0	0.921047
9935.0	0.921276
9940.0	0.921421
9945.0	0.91929
9950.0	0.921323
9955.0	0.919985
9960.0	0.918381
9965.0	0.921997
9970.0	0.921678
9975.0	0.916967
9980.0	0.911022
9985.0	0.919473
9990.0	0.921871
9995.0	0.921621
10000.0	0.918763
10005.0	0.918734
10010.0	0.920619
10015.0	0.92018
10020.0	0.91917
10025.0	0.921152
10030.0	0.919273
10035.0	0.92096
10040.0	0.919492
10045.0	0.919669
10050.0	0.920546
10055.0	0.919787
10060.0	0.919701
10065.0	0.918852
10070.0	0.910314
10075.0	0.919322
10080.0	0.917463
10085.0	0.917714
10090.0	0.916314
10095.0	0.916984
10100.0	0.908082
10105.0	0.916507
10110.0	0.916336
10115.0	0.91842
10120.0	0.914973
10125.0	0.903803
10130.0	0.9071
10135.0	0.916554
10140.0	0.914495
10145.0	0.914264
10150.0	0.881797
10155.0	0.885976
10160.0	0.912782
10165.0	0.912296
10170.0	0.888701
10175.0	0.847068
10180.0	0.904166
10185.0	0.873732
10190.0	0.903734
10195.0	0.9102
10200.0	0.789694
10205.0	0.90214
10210.0	0.78073
10215.0	0.884137
10220.0	0.822553
10225.0	0.846412
10230.0	0.875547
10235.0	0.864166
10240.0	0.803896
10245.0	0.783284
10250.0	0.82674
10255.0	0.805543
10260.0	0.782087
10265.0	0.86316
10270.0	0.789467
10275.0	0.86033
10280.0	0.799369
10285.0	0.907205
10290.0	0.812517
10295.0	0.867589
10300.0	0.905711
10305.0	0.802681
10310.0	0.881297
10315.0	0.869354
10320.0	0.885784
10325.0	0.772615
10330.0	0.899943
10335.0	0.905323
10340.0	0.740185
10345.0	0.685479
10350.0	0.770349
10355.0	0.804009
10360.0	0.831334
10365.0	0.687275
10370.0	0.813033
10375.0	0.667438
10380.0	0.874
10385.0	0.682947
10390.0	0.6169
10395.0	0.773109
10400.0	0.787403
10405.0	0.707872
10410.0	0.729986
10415.0	0.691067
10420.0	0.657333
10425.0	0.546459
10430.0	0.792086
10435.0	0.587425
10440.0	0.826417
10445.0	0.740285
10450.0	0.535609
10455.0	0.715279
10460.0	0.596131
10465.0	0.6098
10470.0	0.748409
10475.0	0.576117
10480.0	0.716763
10485.0	0.66417
10490.0	0.65459
10495.0	0.652278
10500.0	0.47343
10505.0	0.574736
10510.0	0.763716
10515.0	0.792051
10520.0	0.613259
10525.0	0.494019
10530.0	0.520271
10535.0	0.810948
10540.0	0.740713
10545.0	0.383989
10550.0	0.606653
10555.0	0.683367
10560.0	0.638977
10565.0	0.594293
10570.0	0.500033
10575.0	0.603655
10580.0	0.729234
10585.0	0.547972
10590.0	0.34854
10595.0	0.700461
10600.0	0.665058
10605.0	0.362998
10610.0	0.683756
10615.0	0.655155
10620.0	0.773473
10625.0	0.587661
10630.0	0.681788
10635.0	0.581378
10640.0	0.798619
10645.0	0.786677
10650.0	0.576693
10655.0	0.533447
10660.0	0.443463
10665.0	0.644215
10670.0	0.390529
10675.0	0.4753
10680.0	0.606615
10685.0	0.347699
10690.0	0.58326
10695.0	0.614054
10700.0	0.247197
10705.0	0.452854
10710.0	0.412933
10715.0	0.651367
10720.0	0.403207
10725.0	0.606096
10730.0	0.381319
10735.0	0.772817
10740.0	0.534676
10745.0	0.742643
10750.0	0.650007
10755.0	0.739737
10760.0	0.794986
10765.0	0.731744
10770.0	0.85738
10775.0	0.723478
10780.0	0.838368
10785.0	0.883349
10790.0	0.893437
10795.0	0.816795
10800.0	0.895305
10805.0	0.840602
10810.0	0.848798
10815.0	0.847876
10820.0	0.847121
10825.0	0.86086
10830.0	0.865005
10835.0	0.860736
10840.0	0.891194
10845.0	0.850107
10850.0	0.832218
10855.0	0.876586
10860.0	0.870912
10865.0	0.905846
10870.0	0.81187
10875.0	0.862689
10880.0	0.890349
10885.0	0.792462
10890.0	0.850259
10895.0	0.688768
10900.0	0.84064
10905.0	0.834042
10910.0	0.871064
10915.0	0.83702
10920.0	0.659122
10925.0	0.762171
10930.0	0.875294
10935.0	0.851307
10940.0	0.786745
10945.0	0.751845
10950.0	0.709681
10955.0	0.844536
10960.0	0.894503
10965.0	0.690746
10970.0	0.893792
10975.0	0.810607
10980.0	0.799616
10985.0	0.763617
10990.0	0.842354
10995.0	0.807019
11000.0	0.737992
11005.0	0.883353
11010.0	0.70082
11015.0	0.849762
11020.0	0.759559
11025.0	0.801474
11030.0	0.81641
11035.0	0.847225
11040.0	0.898903
11045.0	0.829719
11050.0	0.884086
11055.0	0.847796
11060.0	0.88334
11065.0	0.896516
11070.0	0.82278
11075.0	0.787967
11080.0	0.789758
11085.0	0.7912
11090.0	0.830954
11095.0	0.78303
11100.0	0.802067
11105.0	0.738008
11110.0	0.813596
11115.0	0.88044
11120.0	0.632897
11125.0	0.725321
11130.0	0.813296
11135.0	0.881645
11140.0	0.818595
11145.0	0.814093
11150.0	0.809832
11155.0	0.789645
11160.0	0.879098
11165.0	0.807506
11170.0	0.872816
11175.0	0.873721
11180.0	0.877966
11185.0	0.904849
11190.0	0.885068
11195.0	0.874592
11200.0	0.901774
11205.0	0.905141
11210.0	0.894939
11215.0	0.90451
11220.0	0.904593
11225.0	0.903488
11230.0	0.902659
11235.0	0.901865
11240.0	0.904134
11245.0	0.905511
11250.0	0.905372
11255.0	0.903736
11260.0	0.897432
11265.0	0.905397
11270.0	0.904113
11275.0	0.902245
11280.0	0.905207
11285.0	0.897482
11290.0	0.904993
11295.0	0.903618
11300.0	0.904154
11305.0	0.904941
11310.0	0.904237
11315.0	0.903509
11320.0	0.903367
11325.0	0.904696
11330.0	0.903889
11335.0	0.902166
11340.0	0.904502
11345.0	0.903163
11350.0	0.90423
11355.0	0.903145
11360.0	0.903628
11365.0	0.904191
11370.0	0.903879
11375.0	0.903877
11380.0	0.903674
11385.0	0.9032
11390.0	0.903861
11395.0	0.903797
11400.0	0.903571
11405.0	0.903661
11410.0	0.903471
11415.0	0.903281
11420.0	0.903453
11425.0	0.903246
11430.0	0.903311
11435.0	0.903243
11440.0	0.903172
11445.0	0.903099
11450.0	0.903026
11455.0	0.902953
11460.0	0.902879
11465.0	0.902804
11470.0	0.902728
11475.0	0.902652
11480.0	0.902488
11485.0	0.902495
11490.0	0.902422
11495.0	0.902347
11500.0	0.902259
11505.0	0.902201
11510.0	0.902096
11515.0	0.902004
11520.0	0.901968
11525.0	0.901821
11530.0	0.901735
11535.0	0.901683
11540.0	0.901607
11545.0	0.901477
11550.0	0.901403
11555.0	0.901363
11560.0	0.90127
11565.0	0.901224
11570.0	0.901105
11575.0	0.90097
11580.0	0.900775
11585.0	0.90074
11590.0	0.900653
11595.0	0.900613
11600.0	0.900519
11605.0	0.900457
11610.0	0.900048
11615.0	0.900312
11620.0	0.900183
11625.0	0.900139
11630.0	0.899995
11635.0	0.899941
11640.0	0.89907
11645.0	0.899734
11650.0	0.899592
11655.0	0.899587
11660.0	0.897696
11665.0	0.898811
11670.0	0.899185
11675.0	0.898677
11680.0	0.899111
11685.0	0.897858
11690.0	0.897607
11695.0	0.898511
11700.0	0.897857
11705.0	0.895558
11710.0	0.897849
11715.0	0.897186
11720.0	0.897841
11725.0	0.897465
11730.0	0.897464
11735.0	0.895327
11740.0	0.897496
11745.0	0.891648
11750.0	0.898123
11755.0	0.895246
11760.0	0.896886
11765.0	0.896578
11770.0	0.89707
11775.0	0.896358
11780.0	0.895
11785.0	0.897271
11790.0	0.894087
11795.0	0.897709
11800.0	0.897649
11805.0	0.897225
11810.0	0.897431
11815.0	0.893835
11820.0	0.89732
11825.0	0.897356
11830.0	0.895607
11835.0	0.896157
11840.0	0.893754
11845.0	0.896494
11850.0	0.8899
11855.0	0.895563
11860.0	0.891011
11865.0	0.896763
11870.0	0.895893
11875.0	0.890445
11880.0	0.890844
11885.0	0.89564
11890.0	0.885484
11895.0	0.889023
11900.0	0.893943
11905.0	0.892393
11910.0	0.889803
11915.0	0.894952
11920.0	0.886206
11925.0	0.890036
11930.0	0.894177
11935.0	0.879579
11940.0	0.886541
11945.0	0.891614
11950.0	0.883784
11955.0	0.879518
11960.0	0.886655
11965.0	0.873452
11970.0	0.884117
11975.0	0.876651
11980.0	0.893991
11985.0	0.883484
11990.0	0.858875
11995.0	0.867653
12000.0	0.860099
12005.0	0.879775
12010.0	0.89168
12015.0	0.824643
12020.0	0.824542
12025.0	0.883807
12030.0	0.865281
12035.0	0.887213
12040.0	0.825769
12045.0	0.849677
12050.0	0.881039
12055.0	0.841743
12060.0	0.787636
12065.0	0.879845
12070.0	0.831093
12075.0	0.841585
12080.0	0.7758
12085.0	0.84389
12090.0	0.888014
12095.0	0.888441
12100.0	0.861411
12105.0	0.843655
12110.0	0.829254
12115.0	0.86854
12120.0	0.890009
12125.0	0.832428
12130.0	0.874514
12135.0	0.855121
12140.0	0.823453
12145.0	0.771239
12150.0	0.606665
12155.0	0.822318
12160.0	0.859525
12165.0	0.843777
12170.0	0.883372
12175.0	0.852677
12180.0	0.880615
12185.0	0.884844
12190.0	0.837076
12195.0	0.776598
12200.0	0.81915
12205.0	0.875727
12210.0	0.753901
12215.0	0.874366
12220.0	0.816658
12225.0	0.679633
12230.0	0.873835
12235.0	0.818237
12240.0	0.83896
12245.0	0.766513
12250.0	0.778171
12255.0	0.82934
12260.0	0.79378
12265.0	0.822566
12270.0	0.804909
12275.0	0.865384
12280.0	0.807498
12285.0	0.871245
12290.0	0.809487
12295.0	0.845337
12300.0	0.880428
12305.0	0.873429
12310.0	0.86876
12315.0	0.877715
12320.0	0.871976
12325.0	0.876983
12330.0	0.879426
12335.0	0.882713
12340.0	0.886493
12345.0	0.883159
12350.0	0.873042
12355.0	0.883507
12360.0	0.887864
12365.0	0.8797
12370.0	0.885558
12375.0	0.885708
12380.0	0.885204
12385.0	0.887376
12390.0	0.882762
12395.0	0.886832
12400.0	0.884367
12405.0	0.884881
12410.0	0.886121
12415.0	0.885352
12420.0	0.886755
12425.0	0.880943
12430.0	0.875318
12435.0	0.88373
12440.0	0.879286
12445.0	0.878913
12450.0	0.879902
12455.0	0.877701
12460.0	0.873961
12465.0	0.882767
12470.0	0.883227
12475.0	0.870432
12480.0	0.884795
12485.0	0.868966
12490.0	0.883058
12495.0	0.874851
12500.0	0.87782
12505.0	0.883204
12510.0	0.883215
12515.0	0.884908
12520.0	0.874619
12525.0	0.883251
12530.0	0.884155
12535.0	0.881482
12540.0	0.878733
12545.0	0.876769
12550.0	0.884661
12555.0	0.862427
12560.0	0.862202
12565.0	0.883644
12570.0	0.882754
12575.0	0.88137
12580.0	0.881443
12585.0	0.884973
12590.0	0.883004
12595.0	0.884428
12600.0	0.885422
12605.0	0.881084
12610.0	0.869083
12615.0	0.876334
12620.0	0.872125
12625.0	0.879136
12630.0	0.877294
12635.0	0.882343
12640.0	0.863702
12645.0	0.883274
12650.0	0.866861
12655.0	0.879382
12660.0	0.868411
12665.0	0.874491
12670.0	0.87229
12675.0	0.87603
12680.0	0.881562
12685.0	0.877615
12690.0	0.87835
12695.0	0.880744
12700.0	0.880675
12705.0	0.880845
12710.0	0.877544
12715.0	0.882485
12720.0	0.88267
12725.0	0.883172
12730.0	0.881754
12735.0	0.882372
12740.0	0.882251
12745.0	0.882751
12750.0	0.882646
12755.0	0.882568
12760.0	0.882403
12765.0	0.882176
12770.0	0.882245
12775.0	0.882134
12780.0	0.881956
12785.0	0.881851
12790.0	0.881821
12795.0	0.881696
12800.0	0.881625
12805.0	0.881529
12810.0	0.881274
12815.0	0.881335
12820.0	0.881244
12825.0	0.881117
12830.0	0.88091
12835.0	0.880987
12840.0	0.880895
12845.0	0.880835
12850.0	0.880735
12855.0	0.880594
12860.0	0.880605
12865.0	0.880557
12870.0	0.880444
12875.0	0.88043
12880.0	0.8803
12885.0	0.880291
12890.0	0.880122
12895.0	0.880173
12900.0	0.879918
12905.0	0.88008
12910.0	0.879682
12915.0	0.879676
12920.0	0.879688
12925.0	0.879144
12930.0	0.879771
12935.0	0.878887
12940.0	0.878454
12945.0	0.879073
12950.0	0.879083
12955.0	0.877801
12960.0	0.879034
12965.0	0.876501
12970.0	0.879295
12975.0	0.875456
12980.0	0.875056
12985.0	0.878069
12990.0	0.859887
12995.0	0.87786
13000.0	0.838818
13005.0	0.877556
13010.0	0.842255
13015.0	0.855006
13020.0	0.844289
13025.0	0.83877
13030.0	0.82859
13035.0	0.826309
13040.0	0.797922
13045.0	0.80007
13050.0	0.67065
13055.0	0.857358
13060.0	0.576101
13065.0	0.835332
13070.0	0.538864
13075.0	0.664712
13080.0	0.664895
13085.0	0.410947
13090.0	0.607951
13095.0	0.573878
13100.0	0.368482
13105.0	0.504366
13110.0	0.470944
13115.0	0.57547
13120.0	0.68736
13125.0	0.744583
13130.0	0.434634
13135.0	0.355837
13140.0	0.297485
13145.0	0.253606
13150.0	0.286397
13155.0	0.30402
13160.0	0.387012
13165.0	0.679927
13170.0	0.871087
13175.0	0.874141
13180.0	0.875288
13185.0	0.875767
13190.0	0.87583
13195.0	0.875753
13200.0	0.875655
13205.0	0.875556
13210.0	0.875457
13215.0	0.875354
13220.0	0.875252
13225.0	0.875149
13230.0	0.875043
13235.0	0.874933
13240.0	0.874769
13245.0	0.874483
13250.0	0.874527
13255.0	0.874428
13260.0	0.874253
13265.0	0.874213
13270.0	0.874142
13275.0	0.874022
13280.0	0.873844
13285.0	0.873783
13290.0	0.873616
13295.0	0.873539
13300.0	0.873253
13305.0	0.873298
13310.0	0.873134
13315.0	0.873023
13320.0	0.872825
13325.0	0.872665
13330.0	0.872617
13335.0	0.872584
13340.0	0.872267
13345.0	0.872284
13350.0	0.872172
13355.0	0.872122
13360.0	0.871899
13365.0	0.871811
13370.0	0.87149
13375.0	0.871711
13380.0	0.871587
13385.0	0.87119
13390.0	0.871246
13395.0	0.871405
13400.0	0.871119
13405.0	0.870971
13410.0	0.870533
13415.0	0.870617
13420.0	0.870677
13425.0	0.870778
13430.0	0.870709
13435.0	0.869251
13440.0	0.870196
13445.0	0.870002
13450.0	0.870335
13455.0	0.870204
13460.0	0.869719
13465.0	0.866496
13470.0	0.867455
13475.0	0.869946
13480.0	0.86796
13485.0	0.868625
13490.0	0.864832
13495.0	0.867361
13500.0	0.867428
13505.0	0.867112
13510.0	0.867854
13515.0	0.857211
13520.0	0.868189
13525.0	0.860812
13530.0	0.862611
13535.0	0.868293
13540.0	0.854256
13545.0	0.865034
13550.0	0.861509
13555.0	0.866009
13560.0	0.857544
13565.0	0.853363
13570.0	0.859217
13575.0	0.849829
13580.0	0.857355
13585.0	0.853334
13590.0	0.854724
13595.0	0.858528
13600.0	0.861547
13605.0	0.847702
13610.0	0.857189
13615.0	0.855584
13620.0	0.860037
13625.0	0.865574
13630.0	0.840043
13635.0	0.844403
13640.0	0.861857
13645.0	0.848487
13650.0	0.850918
13655.0	0.856744
13660.0	0.820489
13665.0	0.820247
13670.0	0.834069
13675.0	0.804885
13680.0	0.845438
13685.0	0.806678
13690.0	0.803958
13695.0	0.827571
13700.0	0.851544
13705.0	0.816112
13710.0	0.812263
13715.0	0.77702
13720.0	0.81773
13725.0	0.856263
13730.0	0.833267
13735.0	0.769603
13740.0	0.767371
13745.0	0.782303
13750.0	0.830881
13755.0	0.856684
13760.0	0.737714
13765.0	0.829488
13770.0	0.830396
13775.0	0.806757
13780.0	0.822437
13785.0	0.746551
13790.0	0.824782
13795.0	0.833379
13800.0	0.742041
13805.0	0.78378
13810.0	0.833175
13815.0	0.814076
13820.0	0.694749
13825.0	0.830002
13830.0	0.82233
13835.0	0.85532
13840.0	0.817028
13845.0	0.858954
13850.0	0.846434
13855.0	0.827868
13860.0	0.855883
13865.0	0.813757
13870.0	0.850309
13875.0	0.709667
13880.0	0.825308
13885.0	0.732632
13890.0	0.782145
13895.0	0.755606
13900.0	0.725293
13905.0	0.848113
13910.0	0.686756
13915.0	0.761318
13920.0	0.77836
13925.0	0.834693
13930.0	0.747051
13935.0	0.794103
13940.0	0.788016
13945.0	0.803342
13950.0	0.830566
13955.0	0.842882
13960.0	0.85295
13965.0	0.848775
13970.0	0.852974
13975.0	0.855815
13980.0	0.849087
13985.0	0.849898
13990.0	0.85553
13995.0	0.854885
14000.0	0.855266
14005.0	0.852878
14010.0	0.858565
14015.0	0.856213
14020.0	0.853129
14025.0	0.853126
14030.0	0.857302
14035.0	0.855872
14040.0	0.856425
14045.0	0.854933
14050.0	0.856515
14055.0	0.855748
14060.0	0.854528
14065.0	0.855856
14070.0	0.852074
14075.0	0.853664
14080.0	0.852915
14085.0	0.853331
14090.0	0.85347
14095.0	0.855984
14100.0	0.85344
14105.0	0.851487
14110.0	0.854189
14115.0	0.855894
14120.0	0.851514
14125.0	0.847669
14130.0	0.852186
14135.0	0.850682
14140.0	0.854923
14145.0	0.851565
14150.0	0.847459
14155.0	0.849241
14160.0	0.851668
14165.0	0.844653
14170.0	0.852319
14175.0	0.842119
14180.0	0.843518
14185.0	0.848909
14190.0	0.853441
14195.0	0.850434
14200.0	0.837147
14205.0	0.841797
14210.0	0.854493
14215.0	0.85452
14220.0	0.852592
14225.0	0.822294
14230.0	0.847703
14235.0	0.83496
14240.0	0.843361
14245.0	0.848676
14250.0	0.823443
14255.0	0.85028
14260.0	0.834924
14265.0	0.846486
14270.0	0.823869
14275.0	0.842986
14280.0	0.851237
14285.0	0.825551
14290.0	0.852141
14295.0	0.826636
14300.0	0.839695
14305.0	0.827224
14310.0	0.833531
14315.0	0.84886
14320.0	0.844384
14325.0	0.849548
14330.0	0.844892
14335.0	0.849994
14340.0	0.843388
14345.0	0.851605
14350.0	0.851568
14355.0	0.84214
14360.0	0.828799
14365.0	0.832456
14370.0	0.814422
14375.0	0.834902
14380.0	0.845457
14385.0	0.827046
14390.0	0.819202
14395.0	0.833271
14400.0	0.827919
14405.0	0.803509
14410.0	0.830914
14415.0	0.830668
14420.0	0.825922
14425.0	0.814974
14430.0	0.829418
14435.0	0.840903
14440.0	0.786594
14445.0	0.845549
14450.0	0.776451
14455.0	0.845279
14460.0	0.752779
14465.0	0.844342
14470.0	0.744583
14475.0	0.84121
14480.0	0.721573
14485.0	0.781563
14490.0	0.786415
14495.0	0.696254
14500.0	0.835481
14505.0	0.694408
14510.0	0.68571
14515.0	0.749396
14520.0	0.763927
14525.0	0.793027
14530.0	0.804457
14535.0	0.709929
14540.0	0.63512
14545.0	0.62003
14550.0	0.604028
14555.0	0.5596
14560.0	0.82509
14565.0	0.845671
14570.0	0.846057
14575.0	0.846128
14580.0	0.846217
14585.0	0.845695
14590.0	0.845917
14595.0	0.846049
14600.0	0.84569
14605.0	0.845392
14610.0	0.845065
14615.0	0.845359
14620.0	0.84497
14625.0	0.845365
14630.0	0.845017
14635.0	0.845133
14640.0	0.844812
14645.0	0.84479
14650.0	0.844338
14655.0	0.844583
14660.0	0.844588
14665.0	0.844276
14670.0	0.844118
14675.0	0.844185
14680.0	0.844089
14685.0	0.843875
14690.0	0.843906
14695.0	0.843691
14700.0	0.843587
14705.0	0.843562
14710.0	0.84344
14715.0	0.843322
14720.0	0.843206
14725.0	0.843084
14730.0	0.842961
14735.0	0.842847
14740.0	0.842731
14745.0	0.842597
14750.0	0.842478
14755.0	0.842345
14760.0	0.842206
14765.0	0.842083
14770.0	0.841953
14775.0	0.841821
14780.0	0.841686
14785.0	0.841562
14790.0	0.841432
14795.0	0.841293
14800.0	0.841162
14805.0	0.841041
14810.0	0.840904
14815.0	0.84077
14820.0	0.840646
14825.0	0.84051
14830.0	0.840384
14835.0	0.840251
14840.0	0.84013
14845.0	0.839976
14850.0	0.839833
14855.0	0.839717
14860.0	0.839585
14865.0	0.839448
14870.0	0.8393
14875.0	0.839166
14880.0	0.83903
14885.0	0.838888
14890.0	0.838746
14895.0	0.838603
14900.0	0.83846
14905.0	0.838325
14910.0	0.838198
14915.0	0.838044
14920.0	0.837901
14925.0	0.83774
14930.0	0.837619
14935.0	0.837483
14940.0	0.837348
14945.0	0.837198
14950.0	0.837056
14955.0	0.83692
14960.0	0.836635
14965.0	0.836631
14970.0	0.836481
14975.0	0.836351
14980.0	0.836182
14985.0	0.83581
14990.0	0.835911
14995.0	0.835765
15000.0	0.835314
15005.0	0.835226
15010.0	0.835083
15015.0	0.835193
15020.0	0.83494
15025.0	0.834738
15030.0	0.83468
15035.0	0.834228
15040.0	0.834421
15045.0	0.834056
15050.0	0.833429
15055.0	0.83388
15060.0	0.833756
15065.0	0.833784
15070.0	0.833203
15075.0	0.833093
15080.0	0.833098
15085.0	0.832457
15090.0	0.833094
15095.0	0.832586
15100.0	0.832598
15105.0	0.832556
15110.0	0.832186
15115.0	0.832399
15120.0	0.830909
15125.0	0.831824
15130.0	0.831878
15135.0	0.830984
15140.0	0.830359
15145.0	0.830817
15150.0	0.829014
15155.0	0.830514
15160.0	0.829479
15165.0	0.83045
15170.0	0.830558
15175.0	0.829391
15180.0	0.825481
15185.0	0.828252
15190.0	0.827847
15195.0	0.829363
15200.0	0.829274
15205.0	0.821628
15210.0	0.823489
15215.0	0.827975
15220.0	0.825575
15225.0	0.828513
15230.0	0.820468
15235.0	0.825826
15240.0	0.82604
15245.0	0.821456
15250.0	0.826712
15255.0	0.816866
15260.0	0.826987
15265.0	0.820246
15270.0	0.824079
15275.0	0.81637
15280.0	0.823755
15285.0	0.826543
15290.0	0.826924
15295.0	0.823912
15300.0	0.821498
15305.0	0.820278
15310.0	0.824846
15315.0	0.82596
15320.0	0.825729
15325.0	0.817775
15330.0	0.824107
15335.0	0.817991
15340.0	0.802653
15345.0	0.81042
15350.0	0.819654
15355.0	0.825078
15360.0	0.820143
15365.0	0.824868
15370.0	0.821177
15375.0	0.822689
15380.0	0.824407
15385.0	0.820202
15390.0	0.814634
15395.0	0.813236
15400.0	0.81433
15405.0	0.820902
15410.0	0.815636
15415.0	0.817691
15420.0	0.807461
15425.0	0.82051
15430.0	0.810669
15435.0	0.816471
15440.0	0.805004
15445.0	0.812929
15450.0	0.818879
15455.0	0.814083
15460.0	0.817016
15465.0	0.816759
15470.0	0.819311
15475.0	0.817815
15480.0	0.818513
15485.0	0.820527
15490.0	0.818825
15495.0	0.82094
15500.0	0.820614
15505.0	0.819885
15510.0	0.82013
15515.0	0.819701
15520.0	0.820419
15525.0	0.819641
15530.0	0.820512
15535.0	0.819593
15540.0	0.818758
15545.0	0.819601
15550.0	0.819673
15555.0	0.819642
15560.0	0.818531
15565.0	0.819259
15570.0	0.819156
15575.0	0.818704
15580.0	0.81839
15585.0	0.818481
15590.0	0.818526
15595.0	0.818182
15600.0	0.817359
15605.0	0.817968
15610.0	0.817751
15615.0	0.817394
15620.0	0.817336
15625.0	0.817113
15630.0	0.817145
15635.0	0.816939
15640.0	0.816648
15645.0	0.816208
15650.0	0.81644
15655.0	0.816284
15660.0	0.816003
15665.0	0.815631
15670.0	0.815711
15675.0	0.815899
15680.0	0.815556
15685.0	0.815021
15690.0	0.813806
15695.0	0.814775
15700.0	0.814241
15705.0	0.814762
15710.0	0.814511
15715.0	0.813303
15720.0	0.813552
15725.0	0.81364
15730.0	0.813435
15735.0	0.813869
15740.0	0.811871
15745.0	0.813532
15750.0	0.811337
15755.0	0.812977
15760.0	0.812846
15765.0	0.810735
15770.0	0.8125
15775.0	0.812372
15780.0	0.811644
15785.0	0.811325
15790.0	0.810699
15795.0	0.809901
15800.0	0.811206
15805.0	0.810416
15810.0	0.807687
15815.0	0.810388
15820.0	0.805403
15825.0	0.808587
15830.0	0.80571
15835.0	0.807197
15840.0	0.806087
15845.0	0.805358
15850.0	0.803835
15855.0	0.803793
15860.0	0.801928
15865.0	0.802459
15870.0	0.799242
15875.0	0.799565
15880.0	0.789178
15885.0	0.797443
15890.0	0.800118
15895.0	0.794642
15900.0	0.803342
15905.0	0.805263
15910.0	0.794587
15915.0	0.787993
15920.0	0.768435
15925.0	0.752903
15930.0	0.806054
15935.0	0.80732
15940.0	0.805328
15945.0	0.80666
15950.0	0.805459
15955.0	0.806553
15960.0	0.806116
15965.0	0.805568
15970.0	0.806447
15975.0	0.806067
15980.0	0.80601
15985.0	0.806019
15990.0	0.805857
15995.0	0.805562
16000.0	0.805531
16005.0	0.805269
16010.0	0.805243
16015.0	0.8051
16020.0	0.804942
16025.0	0.804812
16030.0	0.804664
16035.0	0.804503
16040.0	0.804368
16045.0	0.804225
16050.0	0.804077
16055.0	0.803951
16060.0	0.803782
16065.0	0.803646
16070.0	0.803517
16075.0	0.803368
16080.0	0.803223
16085.0	0.803052
16090.0	0.802911
16095.0	0.80274
16100.0	0.80257
16105.0	0.80242
16110.0	0.802248
16115.0	0.802115
16120.0	0.801952
16125.0	0.801831
16130.0	0.801694
16135.0	0.801545
16140.0	0.80139
16145.0	0.801241
16150.0	0.801113
16155.0	0.800948
16160.0	0.800793
16165.0	0.800636
16170.0	0.800469
16175.0	0.800296
16180.0	0.800121
16185.0	0.799937
16190.0	0.799766
16195.0	0.799611
16200.0	0.79943
16205.0	0.79926
16210.0	0.79908
16215.0	0.79889
16220.0	0.798741
16225.0	0.798575
16230.0	0.798416
16235.0	0.798246
16240.0	0.798074
16245.0	0.797908
16250.0	0.797737
16255.0	0.797578
16260.0	0.797394
16265.0	0.797226
16270.0	0.797037
16275.0	0.796841
16280.0	0.796661
16285.0	0.796494
16290.0	0.796287
16295.0	0.796115
16300.0	0.795936
16305.0	0.795748
16310.0	0.795554
16315.0	0.795327
16320.0	0.795078
16325.0	0.794902
16330.0	0.794764
16335.0	0.794556
16340.0	0.794408
16345.0	0.79422
16350.0	0.794034
16355.0	0.793843
16360.0	0.793673
16365.0	0.793496
16370.0	0.79331
16375.0	0.793137
16380.0	0.792953
16385.0	0.792745
16390.0	0.792554
16395.0	0.792352
16400.0	0.79216
16405.0	0.791961
16410.0	0.791778
16415.0	0.791566
16420.0	0.79136
16425.0	0.79118
16430.0	0.79099
16435.0	0.790796
16440.0	0.790601
16445.0	0.790405
16450.0	0.790217
16455.0	0.790036
16460.0	0.789881
16465.0	0.789697
16470.0	0.789522
16475.0	0.789325
16480.0	0.789143
16485.0	0.788974
16490.0	0.788808
16495.0	0.788624
16500.0	0.788455
16505.0	0.788269
16510.0	0.788111
16515.0	0.787955
16520.0	0.787796
16525.0	0.787636
16530.0	0.7875
16535.0	0.787372
16540.0	0.787232
16545.0	0.787088
16550.0	0.78676
16555.0	0.786807
16560.0	0.786589
16565.0	0.786438
16570.0	0.78641
16575.0	0.786056
16580.0	0.786104
16585.0	0.785775
16590.0	0.785709
16595.0	0.785525
16600.0	0.785598
16605.0	0.78548
16610.0	0.785107
16615.0	0.785349
16620.0	0.783502
16625.0	0.785014
16630.0	0.784586
16635.0	0.78446
16640.0	0.784557
16645.0	0.784422
16650.0	0.783494
16655.0	0.78353
16660.0	0.783791
16665.0	0.782363
16670.0	0.782788
16675.0	0.782935
16680.0	0.783426
16685.0	0.782266
16690.0	0.779062
16695.0	0.782092
16700.0	0.782699
16705.0	0.78113
16710.0	0.783288
16715.0	0.781149
16720.0	0.783548
16725.0	0.775331
16730.0	0.77803
16735.0	0.783718
16740.0	0.779599
16745.0	0.781399
16750.0	0.772219
16755.0	0.776819
16760.0	0.783255
16765.0	0.782093
16770.0	0.782618
16775.0	0.781514
16780.0	0.772985
16785.0	0.780387
16790.0	0.78028
16795.0	0.7838
16800.0	0.777523
16805.0	0.770305
16810.0	0.773042
16815.0	0.766475
16820.0	0.780172
16825.0	0.752347
16830.0	0.777853
16835.0	0.780948
16840.0	0.780899
16845.0	0.782052
16850.0	0.778283
16855.0	0.774891
16860.0	0.781845
16865.0	0.779312
16870.0	0.782938
16875.0	0.762261
16880.0	0.776091
16885.0	0.778318
16890.0	0.755301
16895.0	0.779424
16900.0	0.774326
16905.0	0.775748
16910.0	0.7796
16915.0	0.772745
16920.0	0.773974
16925.0	0.779211
16930.0	0.779146
16935.0	0.777762
16940.0	0.767082
16945.0	0.76472
16950.0	0.770274
16955.0	0.774425
16960.0	0.777844
16965.0	0.771259
16970.0	0.770904
16975.0	0.767792
16980.0	0.770426
16985.0	0.770472
16990.0	0.775999
16995.0	0.776148
17000.0	0.777501
17005.0	0.7787
17010.0	0.780343
17015.0	0.778186
17020.0	0.781459
17025.0	0.781158
17030.0	0.779942
17035.0	0.781833
17040.0	0.78137
17045.0	0.780489
17050.0	0.781884
17055.0	0.780924
17060.0	0.781011
17065.0	0.78137
17070.0	0.781738
17075.0	0.78119
17080.0	0.781561
17085.0	0.780557
17090.0	0.781291
17095.0	0.780938
17100.0	0.78075
17105.0	0.780983
17110.0	0.780535
17115.0	0.780654
17120.0	0.78059
17125.0	0.780332
17130.0	0.780418
17135.0	0.780067
17140.0	0.780087
17145.0	0.780051
17150.0	0.77984
17155.0	0.779509
17160.0	0.779757
17165.0	0.77954
17170.0	0.779174
17175.0	0.779248
17180.0	0.779131
17185.0	0.778947
17190.0	0.778817
17195.0	0.778584
17200.0	0.778642
17205.0	0.7785
17210.0	0.778327
17215.0	0.778135
17220.0	0.777648
17225.0	0.77778
17230.0	0.777646
17235.0	0.77744
17240.0	0.777292
17245.0	0.777034
17250.0	0.777045
17255.0	0.77668
17260.0	0.776696
17265.0	0.776533
17270.0	0.77631
17275.0	0.776173
17280.0	0.776038
17285.0	0.775923
17290.0	0.775504
17295.0	0.775731
17300.0	0.775564
17305.0	0.775358
17310.0	0.774944
17315.0	0.774578
17320.0	0.773896
17325.0	0.774673
17330.0	0.774322
17335.0	0.774027
17340.0	0.774618
17345.0	0.773637
17350.0	0.773493
17355.0	0.773898
17360.0	0.773165
17365.0	0.773574
17370.0	0.773253
17375.0	0.772352
17380.0	0.772364
17385.0	0.773143
17390.0	0.773192
17395.0	0.772287
17400.0	0.769685
17405.0	0.772443
17410.0	0.771278
17415.0	0.77257
17420.0	0.772049
17425.0	0.770106
17430.0	0.771611
17435.0	0.772057
17440.0	0.77148
17445.0	0.771856
17450.0	0.768778
17455.0	0.770232
17460.0	0.771785
17465.0	0.770755
17470.0	0.7698
17475.0	0.77058
17480.0	0.768553
17485.0	0.769505
17490.0	0.771283
17495.0	0.770431
17500.0	0.771169
17505.0	0.770051
17510.0	0.771127
17515.0	0.770903
17520.0	0.7704
17525.0	0.770457
17530.0	0.770299
17535.0	0.768667
17540.0	0.768565
17545.0	0.767573
17550.0	0.769407
17555.0	0.770392
17560.0	0.766697
17565.0	0.770649
17570.0	0.766461
17575.0	0.769412
17580.0	0.767627
17585.0	0.768799
17590.0	0.768169
17595.0	0.769127
17600.0	0.769522
17605.0	0.77036
17610.0	0.769865
17615.0	0.770088
17620.0	0.769706
17625.0	0.770143
17630.0	0.770157
17635.0	0.770226
17640.0	0.770038
17645.0	0.769921
17650.0	0.770146
17655.0	0.769961
17660.0	0.77001
17665.0	0.769965
17670.0	0.7699
17675.0	0.769838
17680.0	0.769695
17685.0	0.769695
17690.0	0.769624
17695.0	0.769547
17700.0	0.769562
17705.0	0.769502
17710.0	0.769418
17715.0	0.769369
17720.0	0.769316
17725.0	0.769337
17730.0	0.769308
17735.0	0.769323
17740.0	0.769211
17745.0	0.769227
17750.0	0.769177
17755.0	0.769285
17760.0	0.769284
17765.0	0.769205
17770.0	0.769267
17775.0	0.769249
17780.0	0.769266
17785.0	0.769278
17790.0	0.76927
17795.0	0.769253
17800.0	0.769243
17805.0	0.76923
17810.0	0.769232
17815.0	0.769241
17820.0	0.769214
17825.0	0.769201
17830.0	0.769238
17835.0	0.769222
17840.0	0.769228
17845.0	0.769212
17850.0	0.769221
17855.0	0.769223
17860.0	0.769229
17865.0	0.76924
17870.0	0.769192
17875.0	0.769176
17880.0	0.769187
17885.0	0.769181
17890.0	0.769148
17895.0	0.769121
17900.0	0.769096
17905.0	0.769086
17910.0	0.769051
17915.0	0.769019
17920.0	0.769006
17925.0	0.769004
17930.0	0.768987
17935.0	0.768971
17940.0	0.768936
17945.0	0.768918
17950.0	0.768885
17955.0	0.76885
17960.0	0.768828
17965.0	0.768773
17970.0	0.768742
17975.0	0.768715
17980.0	0.768697
17985.0	0.768676
17990.0	0.768616
17995.0	0.768576
18000.0	0.768506
18005.0	0.768442
18010.0	0.768394
18015.0	0.768354
18020.0	0.768307
18025.0	0.768232
18030.0	0.768157
18035.0	0.768074
18040.0	0.768009
18045.0	0.767939
18050.0	0.767888
18055.0	0.767805
18060.0	0.767766
18065.0	0.7677
18070.0	0.767596
18075.0	0.767469
18080.0	0.767406
18085.0	0.767336
18090.0	0.767353
18095.0	0.767213
18100.0	0.767195
18105.0	0.767093
18110.0	0.767122
18115.0	0.767102
18120.0	0.76702
18125.0	0.766831
18130.0	0.766799
18135.0	0.766817
18140.0	0.766661
18145.0	0.76652
18150.0	0.766429
18155.0	0.766425
18160.0	0.766342
18165.0	0.766237
18170.0	0.766034
18175.0	0.766095
18180.0	0.76584
18185.0	0.765761
18190.0	0.765688
18195.0	0.765498
18200.0	0.765609
18205.0	0.765396
18210.0	0.765322
18215.0	0.765375
18220.0	0.764878
18225.0	0.765197
18230.0	0.765013
18235.0	0.765032
18240.0	0.764647
18245.0	0.76482
18250.0	0.76425
18255.0	0.764446
18260.0	0.76479
18265.0	0.764171
18270.0	0.764639
18275.0	0.763653
18280.0	0.764515
18285.0	0.763647
18290.0	0.764035
18295.0	0.763854
18300.0	0.762619
18305.0	0.76349
18310.0	0.762844
18315.0	0.763415
18320.0	0.762424
18325.0	0.763047
18330.0	0.763738
18335.0	0.763307
18340.0	0.763481
18345.0	0.762443
18350.0	0.762714
18355.0	0.763119
18360.0	0.763306
18365.0	0.762745
18370.0	0.762874
18375.0	0.763105
18380.0	0.762778
18385.0	0.762331
18390.0	0.761826
18395.0	0.762146
18400.0	0.76266
18405.0	0.762599
18410.0	0.762648
18415.0	0.7623
18420.0	0.762528
18425.0	0.762647
18430.0	0.762498
18435.0	0.761601
18440.0	0.762264
18445.0	0.761042
18450.0	0.762041
18455.0	0.762065
18460.0	0.762014
18465.0	0.760716
18470.0	0.761049
18475.0	0.762322
18480.0	0.760819
18485.0	0.761208
18490.0	0.761525
18495.0	0.76197
18500.0	0.762227
18505.0	0.761562
18510.0	0.762088
18515.0	0.762085
18520.0	0.761347
18525.0	0.76166
18530.0	0.761814
18535.0	0.761901
18540.0	0.761672
18545.0	0.761536
18550.0	0.761566
18555.0	0.761481
18560.0	0.761301
18565.0	0.761449
18570.0	0.76127
18575.0	0.761262
18580.0	0.761178
18585.0	0.761202
18590.0	0.761175
18595.0	0.761041
18600.0	0.76106
18605.0	0.760974
18610.0	0.760877
18615.0	0.760788
18620.0	0.760714
18625.0	0.760624
18630.0	0.760509
18635.0	0.760389
18640.0	0.760267
18645.0	0.760187
18650.0	0.760032
18655.0	0.759989
18660.0	0.75991
18665.0	0.7598
18670.0	0.759694
18675.0	0.759568
18680.0	0.75945
18685.0	0.75934
18690.0	0.759198
18695.0	0.759048
18700.0	0.758947
18705.0	0.758846
18710.0	0.758703
18715.0	0.758604
18720.0	0.758521
18725.0	0.758388
18730.0	0.758313
18735.0	0.758222
18740.0	0.758115
18745.0	0.758014
18750.0	0.757887
18755.0	0.757777
18760.0	0.757715
18765.0	0.757629
18770.0	0.757521
18775.0	0.757432
18780.0	0.757313
18785.0	0.757281
18790.0	0.75722
18795.0	0.757166
18800.0	0.757099
18805.0	0.757053
18810.0	0.75698
18815.0	0.756939
18820.0	0.756903
18825.0	0.75679
18830.0	0.756739
18835.0	0.756733
18840.0	0.756602
18845.0	0.756559
18850.0	0.756511
18855.0	0.756533
18860.0	0.756456
18865.0	0.756441
18870.0	0.756348
18875.0	0.756303
18880.0	0.756316
18885.0	0.756233
18890.0	0.75626
18895.0	0.756076
18900.0	0.756175
18905.0	0.755997
18910.0	0.756101
18915.0	0.756044
18920.0	0.755827
18925.0	0.75598
18930.0	0.755931
18935.0	0.755903
18940.0	0.755796
18945.0	0.755753
18950.0	0.755848
18955.0	0.755831
18960.0	0.755818
18965.0	0.755647
18970.0	0.755653
18975.0	0.755531
18980.0	0.755428
18985.0	0.75535
18990.0	0.755464
18995.0	0.755481
19000.0	0.755418
19005.0	0.755483
19010.0	0.7555
19015.0	0.755434
19020.0	0.755329
19025.0	0.755304
19030.0	0.755157
19035.0	0.755164
19040.0	0.75515
19045.0	0.755418
19050.0	0.755323
19055.0	0.755318
19060.0	0.75521
19065.0	0.755286
19070.0	0.755307
19075.0	0.755277
19080.0	0.755036
19085.0	0.755356
19090.0	0.75532
19095.0	0.755309
19100.0	0.755331
19105.0	0.755191
19110.0	0.755177
19115.0	0.755117
19120.0	0.755127
19125.0	0.75509
19130.0	0.755042
19135.0	0.755032
19140.0	0.755017
19145.0	0.754969
19150.0	0.754905
19155.0	0.754842
19160.0	0.754822
19165.0	0.754757
19170.0	0.754674
19175.0	0.754646
19180.0	0.754598
19185.0	0.754474
19190.0	0.754403
19195.0	0.754335
19200.0	0.75427
19205.0	0.754201
19210.0	0.754096
19215.0	0.753986
19220.0	0.753921
19225.0	0.753894
19230.0	0.753849
19235.0	0.753733
19240.0	0.753673
19245.0	0.753583
19250.0	0.753523
19255.0	0.753488
19260.0	0.753431
19265.0	0.753332
19270.0	0.753165
19275.0	0.753057
19280.0	0.752996
19285.0	0.752895
19290.0	0.752877
19295.0	0.752864
19300.0	0.75284
19305.0	0.752771
19310.0	0.752716
19315.0	0.752718
19320.0	0.752634
19325.0	0.752526
19330.0	0.752444
19335.0	0.752403
19340.0	0.752326
19345.0	0.752208
19350.0	0.75212
19355.0	0.751991
19360.0	0.751883
19365.0	0.751813
19370.0	0.751758
19375.0	0.751636
19380.0	0.751541
19385.0	0.751456
19390.0	0.751391
19395.0	0.751332
19400.0	0.751235
19405.0	0.751135
19410.0	0.751041
19415.0	0.750938
19420.0	0.750826
19425.0	0.750751
19430.0	0.750658
19435.0	0.750562
19440.0	0.75049
19445.0	0.750458
19450.0	0.750341
19455.0	0.750227
19460.0	0.750119
19465.0	0.750042
19470.0	0.749967
19475.0	0.749882
19480.0	0.74979
19485.0	0.749672
19490.0	0.749298
19495.0	0.749474
19500.0	0.749092
19505.0	0.7491
19510.0	0.749047
19515.0	0.748881
19520.0	0.748946
19525.0	0.748672
19530.0	0.74877
19535.0	0.748765
19540.0	0.74853
19545.0	0.748409
19550.0	0.748323
19555.0	0.747973
19560.0	0.747904
19565.0	0.747784
19570.0	0.747985
19575.0	0.747584
19580.0	0.747753
19585.0	0.747342
19590.0	0.747263
19595.0	0.746406
19600.0	0.747034
19605.0	0.746719
19610.0	0.746804
19615.0	0.746495
19620.0	0.746379
19625.0	0.745386
19630.0	0.745428
19635.0	0.746145
19640.0	0.746286
19645.0	0.746052
19650.0	0.74567
19655.0	0.744134
19660.0	0.745338
19665.0	0.744372
19670.0	0.745222
19675.0	0.745265
19680.0	0.744262
19685.0	0.74312
19690.0	0.744323
19695.0	0.742375
19700.0	0.744746
19705.0	0.74216
19710.0	0.744234
19715.0	0.743796
19720.0	0.743108
19725.0	0.743237
19730.0	0.74112
19735.0	0.742177
19740.0	0.743674
19745.0	0.743591
19750.0	0.743246
19755.0	0.741233
19760.0	0.742549
19765.0	0.739901
19770.0	0.740983
19775.0	0.742649
19780.0	0.741973
19785.0	0.741617
19790.0	0.742244
19795.0	0.741428
19800.0	0.741485
19805.0	0.740855
19810.0	0.741755
19815.0	0.741266
19820.0	0.739817
19825.0	0.737622
19830.0	0.739881
19835.0	0.74031
19840.0	0.739897
19845.0	0.736651
19850.0	0.740627
19855.0	0.73674
19860.0	0.740133
19865.0	0.740675
19870.0	0.740717
19875.0	0.740305
19880.0	0.738963
19885.0	0.740938
19890.0	0.740089
19895.0	0.740416
19900.0	0.740826
19905.0	0.740872
19910.0	0.740889
19915.0	0.740245
19920.0	0.739881
19925.0	0.740553
19930.0	0.740578
19935.0	0.740663
19940.0	0.740729
19945.0	0.740602
19950.0	0.740763
19955.0	0.740582
19960.0	0.740487
19965.0	0.740639
19970.0	0.740673
19975.0	0.74056
19980.0	0.740613
19985.0	0.74048
19990.0	0.740427
19995.0	0.740425
20000.0	0.740478
20005.0	0.740363
20010.0	0.74041
20015.0	0.74035
20020.0	0.740298
20025.0	0.740232
20030.0	0.740145
20035.0	0.740096
20040.0	0.740046
20045.0	0.73996
20050.0	0.73991
20055.0	0.739848
20060.0	0.739777
20065.0	0.739747
20070.0	0.739663
20075.0	0.739506
20080.0	0.739426
20085.0	0.739339
20090.0	0.739185
20095.0	0.739085
20100.0	0.738964
20105.0	0.738835
20110.0	0.738672
20115.0	0.738579
20120.0	0.738463
20125.0	0.738363
20130.0	0.738304
20135.0	0.73822
20140.0	0.738186
20145.0	0.738122
20150.0	0.73804
20155.0	0.737944
20160.0	0.73786
20165.0	0.737785
20170.0	0.737678
20175.0	0.737581
20180.0	0.737538
20185.0	0.737507
20190.0	0.737401
20195.0	0.737291
20200.0	0.737157
20205.0	0.737025
20210.0	0.736842
20215.0	0.736732
20220.0	0.736658
20225.0	0.736561
20230.0	0.73649
20235.0	0.736432
20240.0	0.73634
20245.0	0.736274
20250.0	0.73621
20255.0	0.736122
20260.0	0.736001
20265.0	0.735909
20270.0	0.735855
20275.0	0.735812
20280.0	0.73577
20285.0	0.735694
20290.0	0.735552
20295.0	0.735388
20300.0	0.735264
20305.0	0.735136
20310.0	0.735065
20315.0	0.735
20320.0	0.734941
20325.0	0.734865
20330.0	0.734686
20335.0	0.734646
20340.0	0.734527
20345.0	0.734414
20350.0	0.734237
20355.0	0.734214
20360.0	0.734116
20365.0	0.733981
20370.0	0.733849
20375.0	0.733662
20380.0	0.733505
20385.0	0.733286
20390.0	0.73312
20395.0	0.732946
20400.0	0.732923
20405.0	0.732816
20410.0	0.732631
20415.0	0.732478
20420.0	0.732362
20425.0	0.732178
20430.0	0.731973
20435.0	0.731861
20440.0	0.731738
20445.0	0.731681
20450.0	0.731525
20455.0	0.731169
20460.0	0.73111
20465.0	0.731128
20470.0	0.731228
20475.0	0.731456
20480.0	0.731465
20485.0	0.731299
20490.0	0.731371
20495.0	0.731142
20500.0	0.731173
20505.0	0.731095
20510.0	0.73091
20515.0	0.730727
20520.0	0.73059
20525.0	0.730398
20530.0	0.73049
20535.0	0.730266
20540.0	0.730177
20545.0	0.729959
20550.0	0.729762
20555.0	0.729673
20560.0	0.729547
20565.0	0.729375
20570.0	0.729291
20575.0	0.729176
20580.0	0.728984
20585.0	0.728628
20590.0	0.728659
20595.0	0.728653
20600.0	0.728455
20605.0	0.728293
20610.0	0.728189
20615.0	0.728037
20620.0	0.727864
20625.0	0.727795
20630.0	0.727637
20635.0	0.727598
20640.0	0.727379
20645.0	0.727335
20650.0	0.727232
20655.0	0.727098
20660.0	0.726974
20665.0	0.72688
20670.0	0.726749
20675.0	0.726607
20680.0	0.726475
20685.0	0.726288
20690.0	0.726101
20695.0	0.725937
20700.0	0.725776
20705.0	0.725611
20710.0	0.725509
20715.0	0.725375
20720.0	0.725227
20725.0	0.72506
20730.0	0.724896
20735.0	0.724732
20740.0	0.724578
20745.0	0.724412
20750.0	0.72426
20755.0	0.724086
20760.0	0.724039
20765.0	0.723959
20770.0	0.723908
20775.0	0.723807
20780.0	0.723695
20785.0	0.723612
20790.0	0.723557
20795.0	0.723484
20800.0	0.723357
20805.0	0.723241
20810.0	0.723123
20815.0	0.723028
20820.0	0.722933
20825.0	0.722838
20830.0	0.722702
20835.0	0.722512
20840.0	0.722358
20845.0	0.722219
20850.0	0.722156
20855.0	0.722091
20860.0	0.722034
20865.0	0.722077
20870.0	0.72209
20875.0	0.722107
20880.0	0.72208
20885.0	0.722042
20890.0	0.721971
20895.0	0.721817
20900.0	0.721691
20905.0	0.721689
20910.0	0.721576
20915.0	0.721463
20920.0	0.721407
20925.0	0.721353
20930.0	0.721236
20935.0	0.721169
20940.0	0.721109
20945.0	0.721014
20950.0	0.720889
20955.0	0.720829
20960.0	0.720667
20965.0	0.720654
20970.0	0.720531
20975.0	0.720379
20980.0	0.720259
20985.0	0.720188
20990.0	0.720049
20995.0	0.719968
21000.0	0.719871
21005.0	0.719766
21010.0	0.719674
21015.0	0.719621
21020.0	0.719503
21025.0	0.719346
21030.0	0.719184
21035.0	0.71904
21040.0	0.718875
21045.0	0.718738
21050.0	0.718644
21055.0	0.718505
21060.0	0.718345
21065.0	0.718182
21070.0	0.717992
21075.0	0.717991
21080.0	0.717857
21085.0	0.717682
21090.0	0.717573
21095.0	0.71782
21100.0	0.717838
21105.0	0.717673
21110.0	0.717681
21115.0	0.717631
21120.0	0.717417
21125.0	0.717177
21130.0	0.717236
21135.0	0.717168
21140.0	0.716959
21145.0	0.716888
21150.0	0.716539
21155.0	0.716587
21160.0	0.716475
21165.0	0.716349
21170.0	0.715993
21175.0	0.715936
21180.0	0.715831
21185.0	0.715934
21190.0	0.715825
21195.0	0.715686
21200.0	0.715498
21205.0	0.715463
21210.0	0.715253
21215.0	0.715114
21220.0	0.714875
21225.0	0.714879
21230.0	0.714696
21235.0	0.714508
21240.0	0.714444
21245.0	0.714305
21250.0	0.714212
21255.0	0.714073
21260.0	0.713799
21265.0	0.713799
21270.0	0.713503
21275.0	0.71355
21280.0	0.713541
21285.0	0.713155
21290.0	0.713112
21295.0	0.712895
21300.0	0.713027
21305.0	0.71279
21310.0	0.712695
21315.0	0.712533
21320.0	0.712552
21325.0	0.712379
21330.0	0.712083
21335.0	0.711812
21340.0	0.711791
21345.0	0.711619
21350.0	0.711558
21355.0	0.711499
21360.0	0.711378
21365.0	0.71122
21370.0	0.711139
21375.0	0.710958
21380.0	0.710746
21385.0	0.710583
21390.0	0.710406
21395.0	0.710429
21400.0	0.710352
21405.0	0.710419
21410.0	0.710397
21415.0	0.710332
21420.0	0.710311
21425.0	0.710271
21430.0	0.710143
21435.0	0.710053
21440.0	0.709932
21445.0	0.709778
21450.0	0.709668
21455.0	0.709503
21460.0	0.709303
21465.0	0.709075
21470.0	0.70889
21475.0	0.708693
21480.0	0.708507
21485.0	0.708338
21490.0	0.708167
21495.0	0.707973
21500.0	0.707762
21505.0	0.707587
21510.0	0.707531
21515.0	0.707319
21520.0	0.707107
21525.0	0.706978
21530.0	0.706778
21535.0	0.706531
21540.0	0.706253
21545.0	0.706047
21550.0	0.705863
21555.0	0.70574
21560.0	0.705654
21565.0	0.705384
21570.0	0.705223
21575.0	0.705261
21580.0	0.705403
21585.0	0.705369
21590.0	0.705347
21595.0	0.705261
21600.0	0.705149
21605.0	0.705017
21610.0	0.70488
21615.0	0.704786
21620.0	0.704654
21625.0	0.704505
21630.0	0.704317
21635.0	0.70413
21640.0	0.703949
21645.0	0.703781
21650.0	0.703572
21655.0	0.703461
21660.0	0.703389
21665.0	0.703146
21670.0	0.702982
21675.0	0.702857
21680.0	0.702621
21685.0	0.702407
21690.0	0.702388
21695.0	0.702342
21700.0	0.702247
21705.0	0.702211
21710.0	0.702093
21715.0	0.702067
21720.0	0.701954
21725.0	0.701809
21730.0	0.701707
21735.0	0.701546
21740.0	0.701469
21745.0	0.701431
21750.0	0.701314
21755.0	0.70129
21760.0	0.70115
21765.0	0.700902
21770.0	0.700685
21775.0	0.700525
21780.0	0.700342
21785.0	0.700173
21790.0	0.700101
21795.0	0.700053
21800.0	0.699866
21805.0	0.699599
21810.0	0.699494
21815.0	0.699415
21820.0	0.69937
21825.0	0.699265
21830.0	0.699131
21835.0	0.699082
21840.0	0.699088
21845.0	0.699112
21850.0	0.699099
21855.0	0.699043
21860.0	0.698985
21865.0	0.698917
21870.0	0.698817
21875.0	0.698687
21880.0	0.698474
21885.0	0.698253
21890.0	0.698111
21895.0	0.697919
21900.0	0.697734
21905.0	0.697618
21910.0	0.697483
21915.0	0.697446
21920.0	0.697372
21925.0	0.69726
21930.0	0.69707
21935.0	0.696924
21940.0	0.696783
21945.0	0.696596
21950.0	0.696433
21955.0	0.696353
21960.0	0.696182
21965.0	0.696008
21970.0	0.695872
21975.0	0.695827
21980.0	0.695885
21985.0	0.695832
21990.0	0.695731
21995.0	0.695595
22000.0	0.69547
22005.0	0.695292
22010.0	0.695152
22015.0	0.694975
22020.0	0.694732
22025.0	0.694514
22030.0	0.694342
22035.0	0.694168
22040.0	0.694078
22045.0	0.69401
22050.0	0.693925
22055.0	0.69376
22060.0	0.693544
22065.0	0.693321
22070.0	0.693175
22075.0	0.693041
22080.0	0.692965
22085.0	0.69288
22090.0	0.692721
22095.0	0.692554
22100.0	0.692347
22105.0	0.692262
22110.0	0.692173
22115.0	0.692075
22120.0	0.692048
22125.0	0.691928
22130.0	0.691739
22135.0	0.691561
22140.0	0.691421
22145.0	0.691264
22150.0	0.691118
22155.0	0.690984
22160.0	0.690785
22165.0	0.69062
22170.0	0.690534
22175.0	0.690394
22180.0	0.690248
22185.0	0.690132
22190.0	0.690079
22195.0	0.69003
22200.0	0.689951
22205.0	0.689831
22210.0	0.689689
22215.0	0.689515
22220.0	0.689312
22225.0	0.689191
22230.0	0.688988
22235.0	0.688779
22240.0	0.688622
22245.0	0.688491
22250.0	0.688313
22255.0	0.688073
22260.0	0.687848
22265.0	0.687763
22270.0	0.687652
22275.0	0.687329
22280.0	0.687013
22285.0	0.686632
22290.0	0.686371
22295.0	0.686229
22300.0	0.686088
22305.0	0.68591
22310.0	0.685992
22315.0	0.686052
22320.0	0.685998
22325.0	0.686047
22330.0	0.685998
22335.0	0.686057
22340.0	0.68592
22345.0	0.685927
22350.0	0.685827
22355.0	0.685677
22360.0	0.685623
22365.0	0.685256
22370.0	0.685275
22375.0	0.68522
22380.0	0.68501
22385.0	0.684896
22390.0	0.6847
22395.0	0.684054
22400.0	0.683905
22405.0	0.684019
22410.0	0.683938
22415.0	0.683794
22420.0	0.683567
22425.0	0.682679
22430.0	0.683109
22435.0	0.682897
22440.0	0.682306
22445.0	0.682566
22450.0	0.682346
22455.0	0.681491
22460.0	0.681856
22465.0	0.681583
22470.0	0.681181
22475.0	0.681171
22480.0	0.680688
22485.0	0.681491
22490.0	0.681339
22495.0	0.681262
22500.0	0.681228
22505.0	0.680698
22510.0	0.680731
22515.0	0.681022
22520.0	0.680634
22525.0	0.680724
22530.0	0.68026
22535.0	0.680446
22540.0	0.68031
22545.0	0.680136
22550.0	0.680129
22555.0	0.67999
22560.0	0.679742
22565.0	0.679425
22570.0	0.678772
22575.0	0.678946
22580.0	0.678965
22585.0	0.678083
22590.0	0.678312
22595.0	0.678792
22600.0	0.678863
22605.0	0.678541
22610.0	0.6783
22615.0	0.678551
22620.0	0.678456
22625.0	0.678307
22630.0	0.677921
22635.0	0.677765
22640.0	0.677827
22645.0	0.677468
22650.0	0.677495
22655.0	0.677177
22660.0	0.677069
22665.0	0.676925
22670.0	0.676784
22675.0	0.676676
22680.0	0.676542
22685.0	0.67636
22690.0	0.676255
22695.0	0.676099
22700.0	0.675851
22705.0	0.675589
22710.0	0.67527
22715.0	0.675035
22720.0	0.674872
22725.0	0.67475
22730.0	0.674562
22735.0	0.674473
22740.0	0.674275
22745.0	0.673986
22750.0	0.673798
22755.0	0.673527
22760.0	0.673358
22765.0	0.673322
22770.0	0.673341
22775.0	0.673068
22780.0	0.672893
22785.0	0.672937
22790.0	0.672864
22795.0	0.672834
22800.0	0.672833
22805.0	0.672958
22810.0	0.672994
22815.0	0.672934
22820.0	0.672839
22825.0	0.672731
22830.0	0.672597
22835.0	0.672429
22840.0	0.672261
22845.0	0.672119
22850.0	0.671977
22855.0	0.671838
22860.0	0.671662
22865.0	0.67149
22870.0	0.671339
22875.0	0.671168
22880.0	0.670992
22885.0	0.670756
22890.0	0.670538
22895.0	0.67033
22900.0	0.670148
22905.0	0.670021
22910.0	0.669811
22915.0	0.669633
22920.0	0.66948
22925.0	0.669293
22930.0	0.669083
22935.0	0.668975
22940.0	0.668823
22945.0	0.668582
22950.0	0.668391
22955.0	0.668254
22960.0	0.668116
22965.0	0.667948
22970.0	0.667693
22975.0	0.667336
22980.0	0.667146
22985.0	0.667018
22990.0	0.666749
22995.0	0.666771
23000.0	0.666638
23005.0	0.666698
23010.0	0.666744
23015.0	0.66671
23020.0	0.666583
23025.0	0.66645
23030.0	0.666321
23035.0	0.666134
23040.0	0.665899
23045.0	0.66567
23050.0	0.665541
23055.0	0.665409
23060.0	0.66526
23065.0	0.665192
23070.0	0.665045
23075.0	0.66492
23080.0	0.664842
23085.0	0.664767
23090.0	0.664644
23095.0	0.664528
23100.0	0.664427
23105.0	0.664365
23110.0	0.664271
23115.0	0.664128
23120.0	0.664061
23125.0	0.663914
23130.0	0.663711
23135.0	0.663514
23140.0	0.663367
23145.0	0.663205
23150.0	0.663002
23155.0	0.662781
23160.0	0.662563
23165.0	0.662407
23170.0	0.662191
23175.0	0.661984
23180.0	0.661822
23185.0	0.661648
23190.0	0.66149
23195.0	0.661337
23200.0	0.661238
23205.0	0.660981
23210.0	0.660758
23215.0	0.660631
23220.0	0.660542
23225.0	0.660444
23230.0	0.660265
23235.0	0.660121
23240.0	0.660029
23245.0	0.66006
23250.0	0.659987
23255.0	0.659878
23260.0	0.659856
23265.0	0.659795
23270.0	0.659688
23275.0	0.659562
23280.0	0.659398
23285.0	0.659241
23290.0	0.659087
23295.0	0.658901
23300.0	0.658699
23305.0	0.658541
23310.0	0.658367
23315.0	0.658125
23320.0	0.657896
23325.0	0.657713
23330.0	0.657574
23335.0	0.657433
23340.0	0.657212
23345.0	0.656939
23350.0	0.656735
23355.0	0.656585
23360.0	0.656413
23365.0	0.656163
23370.0	0.656006
23375.0	0.655941
23380.0	0.655756
23385.0	0.655617
23390.0	0.655564
23395.0	0.655377
23400.0	0.655136
23405.0	0.655004
23410.0	0.654921
23415.0	0.654914
23420.0	0.654745
23425.0	0.654632
23430.0	0.654619
23435.0	0.654599
23440.0	0.654533
23445.0	0.654386
23450.0	0.654203
23455.0	0.654051
23460.0	0.653892
23465.0	0.653724
23470.0	0.653604
23475.0	0.653457
23480.0	0.653304
23485.0	0.653076
23490.0	0.652927
23495.0	0.652735
23500.0	0.652528
23505.0	0.652329
23510.0	0.652116
23515.0	0.651941
23520.0	0.651843
23525.0	0.651676
23530.0	0.651346
23535.0	0.650992
23540.0	0.650813
23545.0	0.650637
23550.0	0.650461
23555.0	0.650228
23560.0	0.650141
23565.0	0.650096
23570.0	0.650028
23575.0	0.649762
23580.0	0.649583
23585.0	0.649558
23590.0	0.649529
23595.0	0.649374
23600.0	0.649215
23605.0	0.649088
23610.0	0.64896
23615.0	0.648812
23620.0	0.648786
23625.0	0.648699
23630.0	0.648531
23635.0	0.648353
23640.0	0.648188
23645.0	0.648035
23650.0	0.647869
23655.0	0.647679
23660.0	0.647504
23665.0	0.647358
23670.0	0.64722
23675.0	0.647061
23680.0	0.646859
23685.0	0.646663
23690.0	0.646495
23695.0	0.646377
23700.0	0.6463
23705.0	0.646247
23710.0	0.64611
23715.0	0.645995
23720.0	0.645856
23725.0	0.645679
23730.0	0.645488
23735.0	0.645287
23740.0	0.645088
23745.0	0.644903
23750.0	0.644737
23755.0	0.644567
23760.0	0.644513
23765.0	0.644394
23770.0	0.644223
23775.0	0.644062
23780.0	0.643875
23785.0	0.643716
23790.0	0.643565
23795.0	0.643476
23800.0	0.643345
23805.0	0.643174
23810.0	0.64296
23815.0	0.642763
23820.0	0.642629
23825.0	0.642459
23830.0	0.642374
23835.0	0.642228
23840.0	0.642057
23845.0	0.641906
23850.0	0.641857
23855.0	0.641778
23860.0	0.641636
23865.0	0.641478
23870.0	0.641301
23875.0	0.641107
23880.0	0.640841
23885.0	0.640659
23890.0	0.640522
23895.0	0.640411
23900.0	0.640292
23905.0	0.640116
23910.0	0.639946
23915.0	0.639863
23920.0	0.639734
23925.0	0.63952
23930.0	0.63934
23935.0	0.639243
23940.0	0.639152
23945.0	0.639013
23950.0	0.638816
23955.0	0.638631
23960.0	0.638438
23965.0	0.638315
23970.0	0.638224
23975.0	0.638105
23980.0	0.638001
23985.0	0.637871
23990.0	0.637721
23995.0	0.637552
24000.0	0.637379
24005.0	0.637254
24010.0	0.637109
24015.0	0.636934
24020.0	0.63676
24025.0	0.636615
24030.0	0.636493
24035.0	0.636334
24040.0	0.636147
24045.0	0.635996
24050.0	0.635884
24055.0	0.635729
24060.0	0.635544
24065.0	0.635331
24070.0	0.635114
24075.0	0.634906
24080.0	0.634674
24085.0	0.634468
24090.0	0.634278
24095.0	0.634139
24100.0	0.634032
24105.0	0.633863
24110.0	0.633703
24115.0	0.633534
24120.0	0.633375
24125.0	0.633247
24130.0	0.633171
24135.0	0.633041
24140.0	0.632853
24145.0	0.632667
24150.0	0.63244
24155.0	0.632211
24160.0	0.631968
24165.0	0.631658
24170.0	0.631418
24175.0	0.631145
24180.0	0.630929
24185.0	0.630785
24190.0	0.63058
24195.0	0.630545
24200.0	0.630461
24205.0	0.630315
24210.0	0.630179
24215.0	0.630134
24220.0	0.630077
24225.0	0.629959
24230.0	0.629806
24235.0	0.629683
24240.0	0.629593
24245.0	0.629534
24250.0	0.629399
24255.0	0.629285
24260.0	0.629121
24265.0	0.628957
24270.0	0.628789
24275.0	0.628611
24280.0	0.628464
24285.0	0.628277
24290.0	0.628128
24295.0	0.628022
24300.0	0.627857
24305.0	0.627653
24310.0	0.627461
24315.0	0.627267
24320.0	0.627069
24325.0	0.626868
24330.0	0.626653
24335.0	0.626414
24340.0	0.626193
24345.0	0.626039
24350.0	0.625879
24355.0	0.625651
24360.0	0.625408
24365.0	0.625264
24370.0	0.625108
24375.0	0.624952
24380.0	0.62491
24385.0	0.624872
24390.0	0.624764
24395.0	0.624626
24400.0	0.624462
24405.0	0.62428
24410.0	0.62405
24415.0	0.623827
24420.0	0.623651
24425.0	0.623494
24430.0	0.623353
24435.0	0.623245
24440.0	0.623136
24445.0	0.622969
24450.0	0.622722
24455.0	0.622513
24460.0	0.622362
24465.0	0.622211
24470.0	0.621976
24475.0	0.62176
24480.0	0.621537
24485.0	0.621327
24490.0	0.621155
24495.0	0.620991
24500.0	0.620958
24505.0	0.620963
24510.0	0.620851
24515.0	0.620633
24520.0	0.620541
24525.0	0.620503
24530.0	0.620364
24535.0	0.620285
24540.0	0.620186
24545.0	0.620037
24550.0	0.619932
24555.0	0.619781
24560.0	0.619608
24565.0	0.619461
24570.0	0.619314
24575.0	0.61913
24580.0	0.618982
24585.0	0.618815
24590.0	0.618656
24595.0	0.618471
24600.0	0.618237
24605.0	0.618064
24610.0	0.617856
24615.0	0.617627
24620.0	0.61742
24625.0	0.617292
24630.0	0.617162
24635.0	0.616963
24640.0	0.616818
24645.0	0.616665
24650.0	0.616493
24655.0	0.616293
24660.0	0.616069
24665.0	0.615854
24670.0	0.615629
24675.0	0.615379
24680.0	0.615127
24685.0	0.61497
24690.0	0.614897
24695.0	0.614826
24700.0	0.614662
24705.0	0.61445
24710.0	0.61433
24715.0	0.614287
24720.0	0.614168
24725.0	0.614007
24730.0	0.613819
24735.0	0.613638
24740.0	0.61345
24745.0	0.613267
24750.0	0.613085
24755.0	0.612894
24760.0	0.612714
24765.0	0.612575
24770.0	0.612459
24775.0	0.612366
24780.0	0.612273
24785.0	0.612105
24790.0	0.611952
24795.0	0.61182
24800.0	0.611668
24805.0	0.611518
24810.0	0.611346
24815.0	0.611182
24820.0	0.610991
24825.0	0.610813
24830.0	0.610666
24835.0	0.61052
24840.0	0.610357
24845.0	0.610175
24850.0	0.609994
24855.0	0.609809
24860.0	0.609642
24865.0	0.609486
24870.0	0.609297
24875.0	0.609087
24880.0	0.608876
24885.0	0.608698
24890.0	0.6085
24895.0	0.608306
24900.0	0.608132
24905.0	0.607952
24910.0	0.607786
24915.0	0.6076
24920.0	0.607422
24925.0	0.607235
24930.0	0.607052
24935.0	0.606862
24940.0	0.606692
24945.0	0.606529
24950.0	0.606336
24955.0	0.606176
24960.0	0.606033
24965.0	0.605861
24970.0	0.605672
24975.0	0.605464
24980.0	0.60531
24985.0	0.605174
24990.0	0.604948
24995.0	0.60479
25000.0	0.604619
25005.0	0.604446
25010.0	0.604334
25015.0	0.604229
25020.0	0.6041
25025.0	0.603976
25030.0	0.603842
25035.0	0.603694
25040.0	0.603567
25045.0	0.603438
25050.0	0.603327
25055.0	0.603149
25060.0	0.602989
25065.0	0.602809
25070.0	0.602636
25075.0	0.602432
25080.0	0.602173
25085.0	0.601921
25090.0	0.601714
25095.0	0.601505
25100.0	0.601262
25105.0	0.601071
25110.0	0.600952
25115.0	0.600828
25120.0	0.600665
25125.0	0.600521
25130.0	0.600364
25135.0	0.600206
25140.0	0.600067
25145.0	0.599985
25150.0	0.599853
25155.0	0.599735
25160.0	0.59963
25165.0	0.599512
25170.0	0.599348
25175.0	0.599181
25180.0	0.599012
25185.0	0.598816
25190.0	0.598642
25195.0	0.598483
25200.0	0.598303
25205.0	0.598136
25210.0	0.597974
25215.0	0.597821
25220.0	0.597639
25225.0	0.597459
25230.0	0.597268
25235.0	0.597066
25240.0	0.596863
25245.0	0.596681
25250.0	0.596474
25255.0	0.596282
25260.0	0.596066
25265.0	0.595834
25270.0	0.595687
25275.0	0.595554
25280.0	0.595404
25285.0	0.595217
25290.0	0.595019
25295.0	0.594856
25300.0	0.594702
25305.0	0.594585
25310.0	0.594464
25315.0	0.594326
25320.0	0.59419
25325.0	0.594025
25330.0	0.59389
25335.0	0.593756
25340.0	0.593629
25345.0	0.593478
25350.0	0.59329
25355.0	0.593122
25360.0	0.592944
25365.0	0.59277
25370.0	0.592602
25375.0	0.592426
25380.0	0.592227
25385.0	0.592034
25390.0	0.591867
25395.0	0.591716
25400.0	0.591549
25405.0	0.591363
25410.0	0.591199
25415.0	0.591046
25420.0	0.590899
25425.0	0.590751
25430.0	0.590604
25435.0	0.590424
25440.0	0.590235
25445.0	0.59004
25450.0	0.589824
25455.0	0.589606
25460.0	0.589396
25465.0	0.58918
25470.0	0.589013
25475.0	0.588861
25480.0	0.588673
25485.0	0.58851
25490.0	0.588337
25495.0	0.588161
25500.0	0.588006
25505.0	0.587832
25510.0	0.587636
25515.0	0.587423
25520.0	0.587191
25525.0	0.586966
25530.0	0.586765
25535.0	0.586604
25540.0	0.586494
25545.0	0.586365
25550.0	0.586255
25555.0	0.586132
25560.0	0.585995
25565.0	0.585807
25570.0	0.585624
25575.0	0.585448
25580.0	0.585296
25585.0	0.585139
25590.0	0.584977
25595.0	0.584808
25600.0	0.584624
25605.0	0.584436
25610.0	0.584272
25615.0	0.584079
25620.0	0.583877
25625.0	0.583696
25630.0	0.583526
25635.0	0.583376
25640.0	0.583229
25645.0	0.583048
25650.0	0.582865
25655.0	0.582709
25660.0	0.582553
25665.0	0.582391
25670.0	0.582238
25675.0	0.582043
25680.0	0.581837
25685.0	0.58161
25690.0	0.58144
25695.0	0.581261
25700.0	0.581077
25705.0	0.580898
25710.0	0.580752
25715.0	0.580607
25720.0	0.580476
25725.0	0.580319
25730.0	0.580147
25735.0	0.579991
25740.0	0.579836
25745.0	0.579664
25750.0	0.579486
25755.0	0.57932
25760.0	0.579129
25765.0	0.578941
25770.0	0.578766
25775.0	0.578576
25780.0	0.578389
25785.0	0.578185
25790.0	0.578016
25795.0	0.577849
25800.0	0.577691
25805.0	0.577527
25810.0	0.577343
25815.0	0.577164
25820.0	0.577004
25825.0	0.576836
25830.0	0.576677
25835.0	0.5765
25840.0	0.576332
25845.0	0.576175
25850.0	0.576027
25855.0	0.575863
25860.0	0.575705
25865.0	0.575565
25870.0	0.575408
25875.0	0.575246
25880.0	0.575085
25885.0	0.57491
25890.0	0.574718
25895.0	0.574543
25900.0	0.574355
25905.0	0.574168
25910.0	0.573972
25915.0	0.573758
25920.0	0.573559
25925.0	0.573346
25930.0	0.573134
25935.0	0.572949
25940.0	0.572816
25945.0	0.572682
25950.0	0.572525
25955.0	0.57235
25960.0	0.572161
25965.0	0.571996
25970.0	0.571822
25975.0	0.571622
25980.0	0.57142
25985.0	0.571229
25990.0	0.571009
25995.0	0.570808
26000.0	0.570662
26005.0	0.570513
26010.0	0.570336
26015.0	0.570171
26020.0	0.570022
26025.0	0.569856
26030.0	0.569717
26035.0	0.569547
26040.0	0.569355
26045.0	0.569161
26050.0	0.56897
26055.0	0.568787
26060.0	0.568644
26065.0	0.568508
26070.0	0.568365
26075.0	0.568207
26080.0	0.568039
26085.0	0.567879
26090.0	0.567678
26095.0	0.567507
26100.0	0.567332
26105.0	0.567178
26110.0	0.567017
26115.0	0.56685
26120.0	0.566685
26125.0	0.566497
26130.0	0.566311
26135.0	0.566151
26140.0	0.565988
26145.0	0.565832
26150.0	0.56565
26155.0	0.56546
26160.0	0.565247
26165.0	0.565042
26170.0	0.564823
26175.0	0.564629
26180.0	0.564452
26185.0	0.564297
26190.0	0.564141
26195.0	0.563942
26200.0	0.563738
26205.0	0.563571
26210.0	0.563396
26215.0	0.563238
26220.0	0.563061
26225.0	0.562871
26230.0	0.562671
26235.0	0.562503
26240.0	0.562341
26245.0	0.562147
26250.0	0.561972
26255.0	0.561784
26260.0	0.561583
26265.0	0.561402
26270.0	0.561209
26275.0	0.561004
26280.0	0.560817
26285.0	0.560645
26290.0	0.560492
26295.0	0.560308
26300.0	0.560125
26305.0	0.559927
26310.0	0.559741
26315.0	0.559582
26320.0	0.559377
26325.0	0.559187
26330.0	0.558991
26335.0	0.558809
26340.0	0.558622
26345.0	0.558472
26350.0	0.558279
26355.0	0.558126
26360.0	0.558008
26365.0	0.557855
26370.0	0.557718
26375.0	0.557567
26380.0	0.557431
26385.0	0.557267
26390.0	0.5571
26395.0	0.556932
26400.0	0.556755
26405.0	0.556601
26410.0	0.556419
26415.0	0.556259
26420.0	0.556093
26425.0	0.555899
26430.0	0.555726
26435.0	0.555557
26440.0	0.555402
26445.0	0.555233
26450.0	0.555052
26455.0	0.55487
26460.0	0.55467
26465.0	0.554478
26470.0	0.554298
26475.0	0.554124
26480.0	0.553965
26485.0	0.553788
26490.0	0.553601
26495.0	0.553419
26500.0	0.553246
26505.0	0.55305
26510.0	0.552853
26515.0	0.552639
26520.0	0.552447
26525.0	0.552237
26530.0	0.552026
26535.0	0.551838
26540.0	0.551627
26545.0	0.551396
26550.0	0.551184
26555.0	0.550996
26560.0	0.550768
26565.0	0.550574
26570.0	0.550393
26575.0	0.550179
26580.0	0.55
26585.0	0.549834
26590.0	0.549664
26595.0	0.549499
26600.0	0.549339
26605.0	0.549208
26610.0	0.549078
26615.0	0.548907
26620.0	0.548725
26625.0	0.548541
26630.0	0.548363
26635.0	0.548198
26640.0	0.548016
26645.0	0.547844
26650.0	0.547689
26655.0	0.547521
26660.0	0.547369
26665.0	0.547212
26670.0	0.54707
26675.0	0.546926
26680.0	0.546758
26685.0	0.546597
26690.0	0.546414
26695.0	0.546244
26700.0	0.546079
26705.0	0.545895
26710.0	0.54572
26715.0	0.545527
26720.0	0.545325
26725.0	0.545109
26730.0	0.544913
26735.0	0.544721
26740.0	0.544535
26745.0	0.544329
26750.0	0.544165
26755.0	0.543978
26760.0	0.5438
26765.0	0.54364
26770.0	0.543484
26775.0	0.543303
26780.0	0.543123
26785.0	0.542931
26790.0	0.542736
26795.0	0.542545
26800.0	0.542364
26805.0	0.542177
26810.0	0.541979
26815.0	0.541791
26820.0	0.5416
26825.0	0.541384
26830.0	0.54119
26835.0	0.540992
26840.0	0.540796
26845.0	0.540579
26850.0	0.540389
26855.0	0.540198
26860.0	0.54001
26865.0	0.539821
26870.0	0.539642
26875.0	0.539479
26880.0	0.53929
26885.0	0.539099
26890.0	0.538916
26895.0	0.53875
26900.0	0.538554
26905.0	0.538401
26910.0	0.538242
26915.0	0.538085
26920.0	0.537928
26925.0	0.537776
26930.0	0.537626
26935.0	0.537452
26940.0	0.537301
26945.0	0.537128
26950.0	0.536944
26955.0	0.536764
26960.0	0.536622
26965.0	0.536464
26970.0	0.536289
26975.0	0.536102
26980.0	0.535924
26985.0	0.535711
26990.0	0.535533
26995.0	0.53534
27000.0	0.53513
27005.0	0.534919
27010.0	0.53473
27015.0	0.534557
27020.0	0.534365
27025.0	0.53416
27030.0	0.533989
27035.0	0.533798
27040.0	0.533627
27045.0	0.533475
27050.0	0.5333
27055.0	0.53312
27060.0	0.532928
27065.0	0.532733
27070.0	0.532523
27075.0	0.532328
27080.0	0.532163
27085.0	0.531965
27090.0	0.531779
27095.0	0.531606
27100.0	0.531443
27105.0	0.531273
27110.0	0.531088
27115.0	0.530895
27120.0	0.530716
27125.0	0.530549
27130.0	0.530376
27135.0	0.530174
27140.0	0.529985
27145.0	0.529778
27150.0	0.5296
27155.0	0.529402
27160.0	0.529208
27165.0	0.529031
27170.0	0.52883
27175.0	0.528629
27180.0	0.528446
27185.0	0.52825
27190.0	0.528068
27195.0	0.527879
27200.0	0.527696
27205.0	0.527525
27210.0	0.527344
27215.0	0.527137
27220.0	0.526958
27225.0	0.526774
27230.0	0.526589
27235.0	0.526394
27240.0	0.526238
27245.0	0.526074
27250.0	0.525906
27255.0	0.525744
27260.0	0.525563
27265.0	0.525406
27270.0	0.525241
27275.0	0.525063
27280.0	0.524878
27285.0	0.524707
27290.0	0.524529
27295.0	0.524334
27300.0	0.524149
27305.0	0.523937
27310.0	0.52374
27315.0	0.523533
27320.0	0.523318
27325.0	0.523101
27330.0	0.522882
27335.0	0.522678
27340.0	0.522471
27345.0	0.522257
27350.0	0.522071
27355.0	0.521883
27360.0	0.521676
27365.0	0.521478
27370.0	0.521242
27375.0	0.521034
27380.0	0.520847
27385.0	0.520672
27390.0	0.520487
27395.0	0.520299
27400.0	0.520142
27405.0	0.519966
27410.0	0.519797
27415.0	0.519627
27420.0	0.519447
27425.0	0.519277
27430.0	0.519109
27435.0	0.518942
27440.0	0.518788
27445.0	0.518626
27450.0	0.518465
27455.0	0.518291
27460.0	0.51812
27465.0	0.517944
27470.0	0.517779
27475.0	0.517598
27480.0	0.517439
27485.0	0.517263
27490.0	0.517104
27495.0	0.516919
27500.0	0.516715
27505.0	0.516515
27510.0	0.516312
27515.0	0.516102
27520.0	0.515926
27525.0	0.515734
27530.0	0.515521
27535.0	0.515332
27540.0	0.51514
27545.0	0.514962
27550.0	0.514768
27555.0	0.514565
27560.0	0.514369
27565.0	0.514169
27570.0	0.513993
27575.0	0.513819
27580.0	0.513614
27585.0	0.513417
27590.0	0.513242
27595.0	0.513059
27600.0	0.51285
27605.0	0.512667
27610.0	0.512499
27615.0	0.512303
27620.0	0.512123
27625.0	0.511932
27630.0	0.511752
27635.0	0.511557
27640.0	0.511373
27645.0	0.511184
27650.0	0.510996
27655.0	0.510803
27660.0	0.510617
27665.0	0.510411
27670.0	0.510206
27675.0	0.51001
27680.0	0.509814
27685.0	0.509618
27690.0	0.509416
27695.0	0.509225
27700.0	0.509043
27705.0	0.508837
27710.0	0.508625
27715.0	0.508435
27720.0	0.508262
27725.0	0.508079
27730.0	0.507895
27735.0	0.507729
27740.0	0.507561
27745.0	0.507396
27750.0	0.507221
27755.0	0.507044
27760.0	0.506876
27765.0	0.506677
27770.0	0.506499
27775.0	0.506314
27780.0	0.506131
27785.0	0.505966
27790.0	0.505785
27795.0	0.505595
27800.0	0.505402
27805.0	0.505207
27810.0	0.505018
27815.0	0.504832
27820.0	0.504656
27825.0	0.504473
27830.0	0.50431
27835.0	0.504127
27840.0	0.503957
27845.0	0.503777
27850.0	0.503575
27855.0	0.503388
27860.0	0.503207
27865.0	0.503019
27870.0	0.502831
27875.0	0.502633
27880.0	0.502422
27885.0	0.502221
27890.0	0.502009
27895.0	0.501806
27900.0	0.501609
27905.0	0.501407
27910.0	0.50119
27915.0	0.50099
27920.0	0.500799
27925.0	0.500582
27930.0	0.50037
27935.0	0.500169
27940.0	0.499969
27945.0	0.499762
27950.0	0.499553
27955.0	0.499372
27960.0	0.499167
27965.0	0.498967
27970.0	0.498741
27975.0	0.498528
27980.0	0.498323
27985.0	0.498126
27990.0	0.497944
27995.0	0.497728
28000.0	0.49752
28005.0	0.49732
28010.0	0.49713
28015.0	0.496936
28020.0	0.496772
28025.0	0.496599
28030.0	0.496444
28035.0	0.496295
28040.0	0.496171
28045.0	0.49605
28050.0	0.495899
28055.0	0.495734
28060.0	0.495555
28065.0	0.495374
28070.0	0.495194
28075.0	0.495012
28080.0	0.494824
28085.0	0.494644
28090.0	0.494463
28095.0	0.494281
28100.0	0.494094
28105.0	0.493942
28110.0	0.493742
28115.0	0.49354
28120.0	0.493339
28125.0	0.493127
28130.0	0.49291
28135.0	0.49272
28140.0	0.492518
28145.0	0.492325
28150.0	0.492137
28155.0	0.491941
28160.0	0.491744
28165.0	0.49155
28170.0	0.491325
28175.0	0.491132
28180.0	0.490933
28185.0	0.49073
28190.0	0.490511
28195.0	0.490313
28200.0	0.490113
28205.0	0.489907
28210.0	0.489717
28215.0	0.48952
28220.0	0.48933
28225.0	0.489146
28230.0	0.488953
28235.0	0.488755
28240.0	0.488595
28245.0	0.488425
28250.0	0.48827
28255.0	0.488089
28260.0	0.487927
28265.0	0.487749
28270.0	0.487578
28275.0	0.487399
28280.0	0.487231
28285.0	0.487079
28290.0	0.486901
28295.0	0.486702
28300.0	0.486513
28305.0	0.486326
28310.0	0.486158
28315.0	0.485964
28320.0	0.485782
28325.0	0.485583
28330.0	0.48535
28335.0	0.485141
28340.0	0.484935
28345.0	0.484722
28350.0	0.484475
28355.0	0.484243
28360.0	0.484001
28365.0	0.483775
28370.0	0.483549
28375.0	0.483334
28380.0	0.483101
28385.0	0.482876
28390.0	0.482621
28395.0	0.482397
28400.0	0.482173
28405.0	0.481951
28410.0	0.481721
28415.0	0.481457
28420.0	0.481203
28425.0	0.480945
28430.0	0.480703
28435.0	0.480491
28440.0	0.480325
28445.0	0.480194
28450.0	0.480105
28455.0	0.480006
28460.0	0.479925
28465.0	0.479858
28470.0	0.47975
28475.0	0.479616
28480.0	0.479441
28485.0	0.479269
28490.0	0.479107
28495.0	0.478921
28500.0	0.478757
28505.0	0.478563
28510.0	0.478377
28515.0	0.478173
28520.0	0.478002
28525.0	0.477804
28530.0	0.477597
28535.0	0.477418
28540.0	0.477224
28545.0	0.477048
28550.0	0.476875
28555.0	0.476694
28560.0	0.476534
28565.0	0.476341
28570.0	0.476122
28575.0	0.475933
28580.0	0.475732
28585.0	0.47553
28590.0	0.475332
28595.0	0.475124
28600.0	0.474947
28605.0	0.474761
28610.0	0.474594
28615.0	0.474434
28620.0	0.47425
28625.0	0.474069
28630.0	0.473855
28635.0	0.473648
28640.0	0.473442
28645.0	0.473215
28650.0	0.472991
28655.0	0.472759
28660.0	0.472538
28665.0	0.472287
28670.0	0.472028
28675.0	0.47181
28680.0	0.47159
28685.0	0.47137
28690.0	0.471153
28695.0	0.47093
28700.0	0.470712
28705.0	0.470469
28710.0	0.47026
28715.0	0.470037
28720.0	0.469802
28725.0	0.469583
28730.0	0.469379
28735.0	0.469169
28740.0	0.468963
28745.0	0.468716
28750.0	0.468467
28755.0	0.468218
28760.0	0.467964
28765.0	0.467685
28770.0	0.46743
28775.0	0.467224
28780.0	0.467057
28785.0	0.466936
28790.0	0.46682
28795.0	0.466758
28800.0	0.466656
28805.0	0.466573
28810.0	0.466491
28815.0	0.466356
28820.0	0.466179
28825.0	0.466008
28830.0	0.465795
28835.0	0.465608
28840.0	0.465399
28845.0	0.465189
28850.0	0.465006
28855.0	0.464793
28860.0	0.464622
28865.0	0.464442
28870.0	0.464245
28875.0	0.464008
28880.0	0.463766
28885.0	0.463505
28890.0	0.463261
28895.0	0.462995
28900.0	0.462712
28905.0	0.462456
28910.0	0.462231
28915.0	0.462003
28920.0	0.461826
28925.0	0.461597
28930.0	0.461406
28935.0	0.461213
28940.0	0.461006
28945.0	0.460791
28950.0	0.460535
28955.0	0.460298
28960.0	0.460048
28965.0	0.459802
28970.0	0.459553
28975.0	0.459303
28980.0	0.458991
28985.0	0.458742
28990.0	0.458432
28995.0	0.458167
29000.0	0.457883
29005.0	0.457494
29010.0	0.457188
29015.0	0.456836
29020.0	0.456403
29025.0	0.455998
29030.0	0.455566
29035.0	0.455102
29040.0	0.454677
29045.0	0.454256
29050.0	0.453836
29055.0	0.453439
29060.0	0.453103
29065.0	0.45288
29070.0	0.452822
29075.0	0.453024
29080.0	0.453538
29085.0	0.453971
29090.0	0.454109
29095.0	0.454102
29100.0	0.45405
29105.0	0.453964
29110.0	0.453804
29115.0	0.453606
29120.0	0.453372
29125.0	0.453168
29130.0	0.452953
29135.0	0.452792
29140.0	0.4527
29145.0	0.452644
29150.0	0.452595
29155.0	0.452479
29160.0	0.452348
29165.0	0.452225
29170.0	0.452104
29175.0	0.451967
29180.0	0.4518
29185.0	0.45164
29190.0	0.451451
29195.0	0.451236
29200.0	0.451027
29205.0	0.450813
29210.0	0.450589
29215.0	0.45037
29220.0	0.45011
29225.0	0.449885
29230.0	0.449631
29235.0	0.449417
29240.0	0.449179
29245.0	0.448957
29250.0	0.448732
29255.0	0.448519
29260.0	0.44829
29265.0	0.448075
29270.0	0.44782
29275.0	0.447577
29280.0	0.44732
29285.0	0.447032
29290.0	0.446753
29295.0	0.446393
29300.0	0.446118
29305.0	0.445781
29310.0	0.44546
29315.0	0.445082
29320.0	0.444681
29325.0	0.444334
29330.0	0.44394
29335.0	0.443549
29340.0	0.4431
29345.0	0.442656
29350.0	0.442203
29355.0	0.441691
29360.0	0.44122
29365.0	0.440688
29370.0	0.440222
29375.0	0.439725
29380.0	0.439193
29385.0	0.438788
29390.0	0.438438
29395.0	0.438188
29400.0	0.438208
29405.0	0.43914
29410.0	0.439799
29415.0	0.440488
29420.0	0.440808
29425.0	0.440696
29430.0	0.440731
29435.0	0.440505
29440.0	0.440372
29445.0	0.440139
29450.0	0.439949
29455.0	0.439809
29460.0	0.439597
29465.0	0.439465
29470.0	0.439454
29475.0	0.439276
29480.0	0.439138
29485.0	0.438921
29490.0	0.438687
29495.0	0.438531
29500.0	0.438361
29505.0	0.438116
29510.0	0.437899
29515.0	0.437567
29520.0	0.437231
29525.0	0.436841
29530.0	0.436811
29535.0	0.436313
29540.0	0.436234
29545.0	0.435739
29550.0	0.435266
29555.0	0.434876
29560.0	0.434426
29565.0	0.434052
29570.0	0.433629
29575.0	0.432859
29580.0	0.432302
29585.0	0.431889
29590.0	0.431232
29595.0	0.430591
29600.0	0.429935
29605.0	0.42931
29610.0	0.428497
29615.0	0.427675
29620.0	0.426796
29625.0	0.426051
29630.0	0.425246
29635.0	0.424382
29640.0	0.423501
29645.0	0.423142
29650.0	0.423093
29655.0	0.423846
29660.0	0.425297
29665.0	0.426678
29670.0	0.427136
29675.0	0.427643
29680.0	0.427779
29685.0	0.427627
29690.0	0.427328
29695.0	0.426947
29700.0	0.426552
29705.0	0.42617
29710.0	0.42587
29715.0	0.425647
29720.0	0.425574
29725.0	0.426136
29730.0	0.426799
29735.0	0.427159
29740.0	0.427325
29745.0	0.427621
29750.0	0.427764
29755.0	0.427517
29760.0	0.427472
29765.0	0.427351
29770.0	0.427161
29775.0	0.426864
29780.0	0.426575
29785.0	0.426331
29790.0	0.426045
29795.0	0.425813
29800.0	0.425725
29805.0	0.425573
29810.0	0.42527
29815.0	0.424938
29820.0	0.424625
29825.0	0.424399
29830.0	0.423932
29835.0	0.423487
29840.0	0.42307
29845.0	0.42255
29850.0	0.421918
29855.0	0.421363
29860.0	0.420822
29865.0	0.420344
29870.0	0.419717
29875.0	0.419246
29880.0	0.418741
29885.0	0.418284
29890.0	0.417932
29895.0	0.417415
29900.0	0.416706
29905.0	0.41609
29910.0	0.415138
29915.0	0.414528
29920.0	0.413469
29925.0	0.412276
29930.0	0.411226
29935.0	0.410188
29940.0	0.409132
29945.0	0.407936
29950.0	0.406911
29955.0	0.406225
29960.0	0.405665
29965.0	0.405663
29970.0	0.406504
29975.0	0.408759
29980.0	0.411069
29985.0	0.412651
29990.0	0.413464
29995.0	0.413605
30000.0	0.413669
30005.0	0.413431
30010.0	0.413209
30015.0	0.412932
30020.0	0.412888
30025.0	0.412764
30030.0	0.412642
30035.0	0.412816
30040.0	0.413008
30045.0	0.413394
30050.0	0.41348
30055.0	0.413443
30060.0	0.413209
30065.0	0.413012
30070.0	0.412823
30075.0	0.412674
30080.0	0.412214
30085.0	0.411796
30090.0	0.411101
30095.0	0.410768
30100.0	0.410266
30105.0	0.409582
30110.0	0.408971
30115.0	0.408267
30120.0	0.407648
30125.0	0.406907
30130.0	0.406025
30135.0	0.405033
30140.0	0.404499
30145.0	0.403204
30150.0	0.402102
30155.0	0.400817
30160.0	0.399871
30165.0	0.398488
30170.0	0.397021
30175.0	0.395366
30180.0	0.393833
30185.0	0.392829
30190.0	0.391736
30195.0	0.39013
30200.0	0.38945
30205.0	0.389672
30210.0	0.390824
30215.0	0.393737
30220.0	0.396326
30225.0	0.396777
30230.0	0.396616
30235.0	0.39615
30240.0	0.395086
30245.0	0.394152
30250.0	0.393292
30255.0	0.392631
30260.0	0.391815
30265.0	0.39121
30270.0	0.391333
30275.0	0.391988
30280.0	0.394289
30285.0	0.397774
30290.0	0.399548
30295.0	0.400039
30300.0	0.400519
30305.0	0.400367
30310.0	0.400107
30315.0	0.399692
30320.0	0.399406
30325.0	0.399058
30330.0	0.398885
30335.0	0.398663
30340.0	0.398701
30345.0	0.398855
30350.0	0.398527
30355.0	0.398438
30360.0	0.397976
30365.0	0.39749
30370.0	0.397124
30375.0	0.396571
30380.0	0.39582
30385.0	0.395049
30390.0	0.394262
30395.0	0.393454
30400.0	0.392599
30405.0	0.391582
30410.0	0.390454
30415.0	0.389599
30420.0	0.388341
30425.0	0.386744
30430.0	0.385314
30435.0	0.383871
30440.0	0.38256
30445.0	0.380756
30450.0	0.378575
30455.0	0.376763
30460.0	0.375116
30465.0	0.373151
30470.0	0.370733
30475.0	0.368411
30480.0	0.366739
30485.0	0.36572
30490.0	0.365199
30495.0	0.366377
30500.0	0.369196
30505.0	0.372008
30510.0	0.375264
30515.0	0.378881
30520.0	0.380379
30525.0	0.380323
30530.0	0.380003
30535.0	0.379383
30540.0	0.378206
30545.0	0.377289
30550.0	0.376651
30555.0	0.376237
30560.0	0.376044
30565.0	0.376826
30570.0	0.378675
30575.0	0.380598
30580.0	0.3821
30585.0	0.383369
30590.0	0.383965
30595.0	0.383862
30600.0	0.383601
30605.0	0.383089
30610.0	0.382559
30615.0	0.381849
30620.0	0.381271
30625.0	0.3806
30630.0	0.379867
30635.0	0.379147
30640.0	0.378448
30645.0	0.377748
30650.0	0.377032
30655.0	0.375941
30660.0	0.374587
30665.0	0.373122
30670.0	0.372015
30675.0	0.370741
30680.0	0.368518
30685.0	0.366519
30690.0	0.364941
30695.0	0.362817
30700.0	0.361484
30705.0	0.358597
30710.0	0.357199
30715.0	0.356013
30720.0	0.355629
30725.0	0.356757
30730.0	0.359016
30735.0	0.359094
30740.0	0.358041
30745.0	0.356576
30750.0	0.353851
30755.0	0.351267
30760.0	0.348668
30765.0	0.346742
30770.0	0.344934
30775.0	0.342822
30780.0	0.342216
30785.0	0.343573
30790.0	0.347112
30795.0	0.354387
30800.0	0.359844
30805.0	0.361449
30810.0	0.361805
30815.0	0.361566
30820.0	0.361233
30825.0	0.36106
30830.0	0.360448
30835.0	0.359979
30840.0	0.359963
30845.0	0.36049
30850.0	0.361801
30855.0	0.36341
30860.0	0.364555
30865.0	0.365463
30870.0	0.365643
30875.0	0.365591
30880.0	0.364963
30885.0	0.364346
30890.0	0.363235
30895.0	0.362072
30900.0	0.360457
30905.0	0.35938
30910.0	0.358528
30915.0	0.357005
30920.0	0.355151
30925.0	0.353298
30930.0	0.351794
30935.0	0.350245
30940.0	0.347964
30945.0	0.34519
30950.0	0.342653
30955.0	0.340573
30960.0	0.337497
30965.0	0.334516
30970.0	0.331159
30975.0	0.328365
30980.0	0.326527
30985.0	0.324394
30990.0	0.322761
30995.0	0.324402
31000.0	0.328403
31005.0	0.332233
31010.0	0.333104
31015.0	0.332084
31020.0	0.329709
31025.0	0.327561
31030.0	0.325126
31035.0	0.322581
31040.0	0.320212
31045.0	0.318974
31050.0	0.319198
31055.0	0.321
31060.0	0.327114
31065.0	0.33446
31070.0	0.338529
31075.0	0.340289
31080.0	0.341291
31085.0	0.341556
31090.0	0.340814
31095.0	0.339801
31100.0	0.339358
31105.0	0.338661
31110.0	0.338286
31115.0	0.338559
31120.0	0.338944
31125.0	0.339169
31130.0	0.339507
31135.0	0.339392
31140.0	0.339025
31145.0	0.338442
31150.0	0.337288
31155.0	0.335828
31160.0	0.333826
31165.0	0.331564
31170.0	0.329913
31175.0	0.32806
31180.0	0.325474
31185.0	0.323053
31190.0	0.321298
31195.0	0.320448
31200.0	0.320156
31205.0	0.318867
31210.0	0.316279
31215.0	0.313539
31220.0	0.310887
31225.0	0.30784
31230.0	0.304218
31235.0	0.300598
31240.0	0.298034
31245.0	0.2979
31250.0	0.299051
31255.0	0.30204
31260.0	0.305162
31265.0	0.306284
31270.0	0.305453
31275.0	0.303828
31280.0	0.302515
31285.0	0.301097
31290.0	0.299283
31295.0	0.299181
31300.0	0.301037
31305.0	0.303437
31310.0	0.308839
31315.0	0.311518
31320.0	0.313985
31325.0	0.315173
31330.0	0.31608
31335.0	0.315708
31340.0	0.316073
31345.0	0.31385
31350.0	0.312565
31355.0	0.311216
31360.0	0.309585
31365.0	0.308627
31370.0	0.308477
31375.0	0.307533
31380.0	0.306372
31385.0	0.305639
31390.0	0.304556
31395.0	0.302898
31400.0	0.301111
31405.0	0.298569
31410.0	0.295559
31415.0	0.293518
31420.0	0.291237
31425.0	0.289106
31430.0	0.287066
31435.0	0.285913
31440.0	0.285323
31445.0	0.28468
31450.0	0.28304
31455.0	0.280299
31460.0	0.276803
31465.0	0.274322
31470.0	0.272481
31475.0	0.27103
31480.0	0.271648
31485.0	0.273802
31490.0	0.276277
31495.0	0.278519
31500.0	0.280032
31505.0	0.280009
31510.0	0.279454
31515.0	0.278512
31520.0	0.277409
31525.0	0.276162
31530.0	0.276171
31535.0	0.276062
31540.0	0.276638
31545.0	0.278288
31550.0	0.280408
31555.0	0.281589
31560.0	0.282216
31565.0	0.28214
31570.0	0.281462
31575.0	0.280001
31580.0	0.27793
31585.0	0.276157
31590.0	0.27529
31595.0	0.273603
31600.0	0.272012
31605.0	0.270372
31610.0	0.269321
31615.0	0.268717
31620.0	0.267785
31625.0	0.26676
31630.0	0.264863
31635.0	0.263222
31640.0	0.261823
31645.0	0.259828
31650.0	0.256428
31655.0	0.253959
31660.0	0.251446
31665.0	0.249826
31670.0	0.24748
31675.0	0.244808
31680.0	0.2428
31685.0	0.242659
31690.0	0.243236
31695.0	0.244994
31700.0	0.248429
31705.0	0.251753
31710.0	0.253757
31715.0	0.254313
31720.0	0.254422
31725.0	0.254483
31730.0	0.254544
31735.0	0.254307
31740.0	0.253594
31745.0	0.253109
31750.0	0.2521
31755.0	0.251155
31760.0	0.251425
31765.0	0.252072
31770.0	0.252053
31775.0	0.252653
31780.0	0.252237
31785.0	0.250853
31790.0	0.250133
31795.0	0.248296
31800.0	0.245764
31805.0	0.2435
31810.0	0.241051
31815.0	0.238696
31820.0	0.237066
31825.0	0.235201
31830.0	0.232575
31835.0	0.231191
31840.0	0.22949
31845.0	0.227675
31850.0	0.226611
31855.0	0.224213
31860.0	0.221707
31865.0	0.220193
31870.0	0.219078
31875.0	0.218171
31880.0	0.215679
31885.0	0.214288
31890.0	0.213484
31895.0	0.213255
31900.0	0.214495
31905.0	0.215878
31910.0	0.217869
31915.0	0.220067
31920.0	0.220552
31925.0	0.221113
31930.0	0.220783
31935.0	0.220844
31940.0	0.221002
31945.0	0.220336
31950.0	0.219157
31955.0	0.217929
31960.0	0.219315
31965.0	0.217802
31970.0	0.217417
31975.0	0.216666
31980.0	0.215706
31985.0	0.214794
31990.0	0.214352
31995.0	0.213573
32000.0	0.211725
32005.0	0.209985
32010.0	0.208177
32015.0	0.206908
32020.0	0.205818
32025.0	0.205082
32030.0	0.204411
32035.0	0.203883
32040.0	0.202819
32045.0	0.201263
32050.0	0.200368
32055.0	0.199051
32060.0	0.197031
32065.0	0.195097
32070.0	0.193132
32075.0	0.19136
32080.0	0.189334
32085.0	0.186748
32090.0	0.184714
32095.0	0.183175
32100.0	0.181851
32105.0	0.180499
32110.0	0.180401
32115.0	0.181061
32120.0	0.181133
32125.0	0.181307
32130.0	0.181413
32135.0	0.182543
32140.0	0.181363
32145.0	0.181402
32150.0	0.180552
32155.0	0.180053
32160.0	0.179735
32165.0	0.178339
32170.0	0.177093
32175.0	0.176514
32180.0	0.176385
32185.0	0.175532
32190.0	0.174977
32195.0	0.173883
32200.0	0.173419
32205.0	0.171683
32210.0	0.169734
32215.0	0.16817
32220.0	0.166924
32225.0	0.166745
32230.0	0.166909
32235.0	0.167363
32240.0	0.168124
32245.0	0.167786
32250.0	0.167808
32255.0	0.167806
32260.0	0.168007
32265.0	0.167472
32270.0	0.166257
32275.0	0.16586
32280.0	0.166279
32285.0	0.166183
32290.0	0.164176
32295.0	0.161841
32300.0	0.160718
32305.0	0.159494
32310.0	0.157805
32315.0	0.153939
32320.0	0.150129
32325.0	0.147723
32330.0	0.146321
32335.0	0.145469
32340.0	0.144037
32345.0	0.141829
32350.0	0.140427
32355.0	0.139896
32360.0	0.139223
32365.0	0.138698
32370.0	0.13754
32375.0	0.136641
32380.0	0.135835
32385.0	0.135546
32390.0	0.134937
32395.0	0.134576
32400.0	0.134691
32405.0	0.135814
32410.0	0.136425
32415.0	0.135782
32420.0	0.13425
32425.0	0.132162
32430.0	0.130514
32435.0	0.12897
32440.0	0.127739
32445.0	0.127436
32450.0	0.127075
32455.0	0.126409
32460.0	0.12614
32465.0	0.125859
32470.0	0.125826
32475.0	0.125969
32480.0	0.126382
32485.0	0.12635
32490.0	0.127019
32495.0	0.127015
32500.0	0.126305
32505.0	0.125265
32510.0	0.124887
32515.0	0.124226
32520.0	0.123263
32525.0	0.121711
32530.0	0.120293
32535.0	0.119239
32540.0	0.118186
32545.0	0.117051
32550.0	0.115607
32555.0	0.113858
32560.0	0.112212
32565.0	0.110384
32570.0	0.109102
32575.0	0.107375
32580.0	0.105624
32585.0	0.103583
32590.0	0.102605
32595.0	0.101963
32600.0	0.100927
32605.0	0.100141
32610.0	0.0989755
32615.0	0.0975757
32620.0	0.0964658
32625.0	0.0950989
32630.0	0.0936246
32635.0	0.09243
32640.0	0.091711
32645.0	0.0914824
32650.0	0.0909576
32655.0	0.090892
32660.0	0.0912084
32665.0	0.091263
32670.0	0.091375
32675.0	0.0909275
32680.0	0.0901611
32685.0	0.089683
32690.0	0.0891544
32695.0	0.0881971
32700.0	0.0877113
32705.0	0.0872133
32710.0	0.0870167
32715.0	0.0870958
32720.0	0.0868416
32725.0	0.0867157
32730.0	0.0865508
32735.0	0.0865171
32740.0	0.0856396
32745.0	0.0848017
32750.0	0.0840158
32755.0	0.0836191
32760.0	0.0829279
32765.0	0.0816455
32770.0	0.0803714
32775.0	0.0792906
32780.0	0.0783697
32785.0	0.0773514
32790.0	0.075996
32795.0	0.074397
32800.0	0.0729244
32805.0	0.0719375
32810.0	0.0712669
32815.0	0.0698463
32820.0	0.0688838
32825.0	0.066738
32830.0	0.0660472
32835.0	0.0650733
32840.0	0.0644011
32845.0	0.0637274
32850.0	0.0630257
32855.0	0.0622621
32860.0	0.0614477
32865.0	0.0607398
32870.0	0.0598851
32875.0	0.0586931
32880.0	0.0577861
32885.0	0.057403
32890.0	0.0568365
32895.0	0.056681
32900.0	0.0565199
32905.0	0.056412
32910.0	0.0566082
32915.0	0.0567315
32920.0	0.0566626
32925.0	0.0562701
32930.0	0.0556885
32935.0	0.055472
32940.0	0.0548612
32945.0	0.0546008
32950.0	0.0540023
32955.0	0.0539992
32960.0	0.0528136
32965.0	0.0525874
32970.0	0.0526036
32975.0	0.051995
32980.0	0.0510993
32985.0	0.0503833
32990.0	0.0498358
32995.0	0.0492178
33000.0	0.0483442
33005.0	0.0473536
33010.0	0.0462665
33015.0	0.0453943
33020.0	0.0447809
33025.0	0.0442028
33030.0	0.0432547
33035.0	0.042319
33040.0	0.0414337
33045.0	0.0406908
33050.0	0.0400212
33055.0	0.039197
33060.0	0.0384404
33065.0	0.0377688
33070.0	0.0369049
33075.0	0.0363653
33080.0	0.0359341
33085.0	0.0356438
33090.0	0.035064
33095.0	0.0345132
33100.0	0.0341071
33105.0	0.0337098
33110.0	0.0333031
33115.0	0.0330096
33120.0	0.0328025
33125.0	0.0325787
33130.0	0.0323145
33135.0	0.0321975
33140.0	0.032025
33145.0	0.0317948
33150.0	0.0315868
33155.0	0.0314038
33160.0	0.0312049
33165.0	0.0308673
33170.0	0.0303318
33175.0	0.0298039
33180.0	0.0292703
33185.0	0.0289618
33190.0	0.0285484
33195.0	0.0280679
33200.0	0.0276667
33205.0	0.0267839
33210.0	0.0260033
33215.0	0.0255281
33220.0	0.0250103
33225.0	0.0243446
33230.0	0.0236135
33235.0	0.0231315
33240.0	0.0224874
33245.0	0.0219531
33250.0	0.0215855
33255.0	0.0210641
33260.0	0.0205671
33265.0	0.0201962
33270.0	0.0199508
33275.0	0.0197982
33280.0	0.0195921
33285.0	0.0193341
33290.0	0.019022
33295.0	0.0188694
33300.0	0.0185881
33305.0	0.0182547
33310.0	0.0177755
33315.0	0.0175076
33320.0	0.0173615
33325.0	0.0170964
33330.0	0.0169603
33335.0	0.0165576
33340.0	0.0167108
33345.0	0.01647
33350.0	0.0162863
33355.0	0.0160897
33360.0	0.0158902
33365.0	0.0156004
33370.0	0.0152356
33375.0	0.0147999
33380.0	0.0143096
33385.0	0.0142217
33390.0	0.0139604
33395.0	0.0134813
33400.0	0.0129727
33405.0	0.0124807
33410.0	0.0123069
33415.0	0.0121085
33420.0	0.011759
33425.0	0.0113492
33430.0	0.0106303
33435.0	0.0104158
33440.0	0.0103833
33445.0	0.0103028
33450.0	0.00987637
33455.0	0.00951529
33460.0	0.00937443
33465.0	0.00937202
33470.0	0.00923237
33475.0	0.00885808
33480.0	0.00886814
33485.0	0.00884812
33490.0	0.00856795
33495.0	0.00855542
33500.0	0.00850704
33505.0	0.00831835
33510.0	0.00810085
33515.0	0.00792648
33520.0	0.00774403
33525.0	0.0075827
33530.0	0.00749067
33535.0	0.00748874
33540.0	0.00733307
33545.0	0.0071667
33550.0	0.00699132
33555.0	0.00685843
33560.0	0.00670659
33565.0	0.00649645
33570.0	0.00630953
33575.0	0.00623562
33580.0	0.00608895
33585.0	0.00590975
33590.0	0.00564359
33595.0	0.00551786
33600.0	0.0053956
33605.0	0.00525624
33610.0	0.00510245
33615.0	0.00487435
33620.0	0.00467061
33625.0	0.00454111
33630.0	0.00444049
33635.0	0.00436818
33640.0	0.00425488
33645.0	0.00410857
33650.0	0.00396764
33655.0	0.00384462
33660.0	0.00371461
33665.0	0.00358349
33670.0	0.00344536
33675.0	0.00321267
33680.0	0.00311149
33685.0	0.00304135
33690.0	0.00302498
33695.0	0.00303718
33700.0	0.00296598
33705.0	0.0029191
33710.0	0.00284595
33715.0	0.00291355
33720.0	0.00284266
33725.0	0.00280102
33730.0	0.00275617
33735.0	0.00271102
33740.0	0.00269815
33745.0	0.0026155
33750.0	0.00256738
33755.0	0.00247109
33760.0	0.00236958
33765.0	0.00224227
33770.0	0.00211912
33775.0	0.00202747
33780.0	0.0019669
33785.0	0.00191225
33790.0	0.00183056
33795.0	0.00176397
33800.0	0.00169864
33805.0	0.00166832
33810.0	0.00164513
33815.0	0.00161433
33820.0	0.00158756
33825.0	0.00157012
33830.0	0.00153134
33835.0	0.00148646
33840.0	0.00144131
33845.0	0.00137339
33850.0	0.00129918
33855.0	0.00122877
33860.0	0.00117124
33865.0	0.00114648
33870.0	0.0010983
33875.0	0.00102831
33880.0	0.00097193
33885.0	0.00093114
33890.0	0.00089235
33895.0	0.00085854
33900.0	0.00083498
33905.0	0.0007947
33910.0	0.00075986
33915.0	0.00073581
33920.0	0.00071755
33925.0	0.00069641
33930.0	0.00067349
33935.0	0.00064734
33940.0	0.00061458
33945.0	0.00059642
33950.0	0.00057801
33955.0	0.00056936
33960.0	0.00055794
33965.0	0.0005417
33970.0	0.00052207
33975.0	0.00050286
33980.0	0.00048883
33985.0	0.00046538
33990.0	0.00045595
33995.0	0.00044777
34000.0	0.00043953
34005.0	0.00043232
34010.0	0.00042752
34015.0	0.00042413
34020.0	0.0004134
34025.0	0.0003985
34030.0	0.00038883
34035.0	0.00037727
34040.0	0.00036202
34045.0	0.00034463
34050.0	0.00032761
34055.0	0.00031254
34060.0	0.0002967
34065.0	0.00028378
34070.0	0.00026825
34075.0	0.00025067
34080.0	0.00023465
34085.0	0.00022249
34090.0	0.00021248
34095.0	0.00020483
34100.0	0.00019556
34105.0	0.00018225
34110.0	0.00017017
34115.0	0.0001622
34120.0	0.00015677
34125.0	0.0001487
34130.0	0.00014148
34135.0	0.00013256
34140.0	0.00012409
34145.0	0.00011744
34150.0	0.00011345
34155.0	0.00011088
34160.0	0.00010661
34165.0	0.00010295
34170.0	0.00010055
34175.0	9.869e-05
34180.0	9.783e-05
34185.0	9.642e-05
34190.0	9.405e-05
34195.0	9.343e-05
34200.0	9.061e-05
34205.0	8.947e-05
34210.0	8.726e-05
34215.0	8.447e-05
34220.0	8.091e-05
34225.0	7.644e-05
34230.0	7.218e-05
34235.0	6.945e-05
34240.0	6.779e-05
34245.0	6.551e-05
34250.0	6.246e-05
34255.0	5.914e-05
34260.0	5.624e-05
34265.0	5.446e-05
34270.0	5.359e-05
34275.0	5.116e-05
34280.0	4.749e-05
34285.0	4.332e-05
34290.0	3.964e-05
34295.0	3.72e-05
34300.0	3.516e-05
34305.0	3.286e-05
34310.0	3.038e-05
34315.0	2.805e-05
34320.0	2.594e-05
34325.0	2.427e-05
34330.0	2.344e-05
34335.0	2.212e-05
34340.0	2.048e-05
34345.0	1.893e-05
34350.0	1.779e-05
34355.0	1.687e-05
34360.0	1.587e-05
34365.0	1.491e-05
34370.0	1.396e-05
34375.0	1.333e-05
34380.0	1.256e-05
34385.0	1.2e-05
34390.0	1.165e-05
34395.0	1.101e-05
34400.0	1.044e-05
34405.0	9.83e-06
34410.0	9.39e-06
34415.0	9.15e-06
34420.0	8.95e-06
34425.0	8.58e-06
34430.0	8.19e-06
34435.0	7.83e-06
34440.0	7.5e-06
34445.0	7.32e-06
34450.0	7.23e-06
34455.0	6.95e-06
34460.0	6.19e-06
34465.0	6.01e-06
34470.0	5.63e-06
34475.0	5.44e-06
34480.0	5.32e-06
34485.0	5.14e-06
34490.0	4.87e-06
34495.0	4.81e-06
34500.0	4.48e-06
34505.0	4.43e-06
34510.0	4.28e-06
34515.0	4.05e-06
34520.0	3.9e-06
34525.0	3.61e-06
34530.0	3.29e-06
34535.0	3.06e-06
34540.0	2.88e-06
34545.0	2.65e-06
34550.0	2.38e-06
34555.0	2.31e-06
34560.0	2.12e-06
34565.0	2.04e-06
34570.0	1.95e-06
34575.0	1.85e-06
34580.0	1.74e-06
34585.0	1.63e-06
34590.0	1.57e-06
34595.0	1.5e-06
34600.0	1.44e-06
34605.0	1.36e-06
34610.0	1.25e-06
34615.0	1.15e-06
34620.0	1.06e-06
34625.0	1.03e-06
34630.0	1e-06
34635.0	9.4e-07
34640.0	8.7e-07
34645.0	8e-07
34650.0	7.8e-07
34655.0	7.6e-07
34660.0	7.3e-07
34665.0	7e-07
34670.0	6.7e-07
34675.0	6.2e-07
34680.0	6.2e-07
34685.0	6e-07
34690.0	5.8e-07
34695.0	5.3e-07
34700.0	4.8e-07
34705.0	4.6e-07
34710.0	4.1e-07
34715.0	4.1e-07
34720.0	4e-07
34725.0	3.7e-07
34730.0	3.3e-07
34735.0	2.9e-07
34740.0	2.7e-07
34745.0	2.3e-07
34750.0	2.1e-07
34755.0	2e-07
34760.0	1.7e-07
34765.0	1.4e-07
34770.0	1.2e-07
34775.0	1.2e-07
34780.0	1.1e-07
34785.0	9e-08
34790.0	8e-08
34795.0	7e-08
34800.0	6e-08
34805.0	6e-08
34810.0	6e-08
34815.0	5e-08
34820.0	5e-08
34825.0	5e-08
34830.0	5e-08
34835.0	4e-08
34840.0	4e-08
34845.0	4e-08
34850.0	4e-08
34855.0	4e-08
34860.0	4e-08
34865.0	3e-08
34870.0	3e-08
34875.0	3e-08
34880.0	3e-08
34885.0	3e-08
34890.0	2e-08
34895.0	2e-08
34900.0	2e-08
34905.0	2e-08
34910.0	2e-08
34915.0	2e-08
34920.0	1e-08
34925.0	1e-08
34930.0	1e-08
34935.0	1e-08
34940.0	1e-08
34945.0	1e-08
34950.0	1e-08
34955.0	1e-08
34960.0	1e-08
34965.0	1e-08
34970.0	1e-08
34975.0	1e-08
34980.0	1e-08
34985.0	1e-08
34990.0	1e-08
34995.0	1e-08
35000.0	1e-08
35005.0	1e-08
35010.0	1e-08
35015.0	1e-08
35020.0	1e-08
35025.0	1e-08
35030.0	0
35035.0	0
35040.0	0
35045.0	0
35050.0	0
35055.0	0
35060.0	0
35065.0	0
35070.0	0
35075.0	0
35080.0	0
35085.0	0
35090.0	0
35095.0	0
