# Col 1 : wavelenght in nm
# Col 2 : flux W.m^{-2}.nm^{-1} 
280.120000 3.2984e-11
280.258000 2.9922e-11
280.395000 2.7651e-11
280.532000 3.2474e-11
280.669000 3.5773e-11
280.807000 3.7319e-11
280.944000 3.792e-11
281.081000 3.7681e-11
281.218000 3.7215e-11
281.356000 3.692e-11
281.493000 3.7518e-11
281.630000 3.8082e-11
281.767000 3.7714e-11
281.905000 3.7807e-11
282.042000 3.8337e-11
282.179000 3.8415e-11
282.316000 3.7594e-11
282.454000 3.791e-11
282.591000 3.796e-11
282.728000 3.7579e-11
282.865000 3.717e-11
283.002000 3.695e-11
283.140000 3.6608e-11
283.277000 3.6431e-11
283.414000 3.7051e-11
283.551000 3.6835e-11
283.689000 3.6171e-11
283.826000 3.6608e-11
283.963000 3.626e-11
284.100000 3.5007e-11
284.237000 3.5324e-11
284.375000 3.5585e-11
284.512000 3.6168e-11
284.649000 3.6681e-11
284.786000 3.6311e-11
284.924000 3.5465e-11
285.061000 3.5222e-11
285.198000 3.504e-11
285.335000 3.5061e-11
285.472000 3.6383e-11
285.610000 3.5636e-11
285.747000 3.4366e-11
285.884000 3.4509e-11
286.021000 3.5619e-11
286.158000 3.6409e-11
286.296000 3.6285e-11
286.433000 3.6415e-11
286.570000 3.5729e-11
286.707000 3.5288e-11
286.844000 3.5084e-11
286.982000 3.5283e-11
287.119000 3.5427e-11
287.256000 3.5739e-11
287.393000 3.5337e-11
287.530000 3.527e-11
287.668000 3.4833e-11
287.805000 3.4943e-11
287.942000 3.5536e-11
288.079000 3.5495e-11
288.216000 3.5478e-11
288.354000 3.6418e-11
288.491000 3.6349e-11
288.628000 3.6678e-11
288.765000 3.6576e-11
288.902000 3.5879e-11
289.039000 3.5083e-11
289.177000 3.5516e-11
289.314000 3.5264e-11
289.451000 3.5401e-11
289.588000 3.5451e-11
289.725000 3.5517e-11
289.862000 3.5707e-11
290.000000 3.6411e-11
290.137000 3.733e-11
290.274000 3.7647e-11
290.411000 3.7572e-11
290.548000 3.7826e-11
290.685000 3.7483e-11
290.823000 3.7003e-11
290.960000 3.6706e-11
291.097000 3.671e-11
291.234000 3.7081e-11
291.371000 3.7643e-11
291.508000 3.7767e-11
291.645000 3.7358e-11
291.783000 3.7288e-11
291.920000 3.7505e-11
292.057000 3.757e-11
292.194000 3.6946e-11
292.331000 3.6446e-11
292.468000 3.5887e-11
292.605000 3.6169e-11
292.743000 3.5677e-11
292.880000 3.514e-11
293.017000 3.5582e-11
293.154000 3.6428e-11
293.291000 3.6208e-11
293.428000 3.5613e-11
293.565000 3.5864e-11
293.703000 3.5512e-11
293.840000 3.5795e-11
293.977000 3.5718e-11
294.114000 3.5888e-11
294.251000 3.6382e-11
294.388000 3.6692e-11
294.525000 3.6004e-11
294.662000 3.6273e-11
294.800000 3.5807e-11
294.937000 3.5379e-11
295.074000 3.5696e-11
295.211000 3.6565e-11
295.348000 3.6306e-11
295.485000 3.5728e-11
295.622000 3.6748e-11
295.759000 3.7152e-11
295.896000 3.7221e-11
296.034000 3.6876e-11
296.171000 3.6616e-11
296.308000 3.6655e-11
296.445000 3.6298e-11
296.582000 3.5194e-11
296.719000 3.61e-11
296.856000 3.6543e-11
296.993000 3.6216e-11
297.130000 3.5426e-11
297.267000 3.5766e-11
297.404000 3.6513e-11
297.542000 3.6921e-11
297.679000 3.6576e-11
297.816000 3.6628e-11
297.953000 3.6251e-11
298.090000 3.5924e-11
298.227000 3.6295e-11
298.364000 3.6223e-11
298.501000 3.5454e-11
298.638000 3.4705e-11
298.775000 3.6054e-11
298.912000 3.6567e-11
299.049000 3.6906e-11
299.186000 3.7226e-11
299.324000 3.7146e-11
299.461000 3.7109e-11
299.598000 3.7107e-11
299.735000 3.7189e-11
299.872000 3.7068e-11
300.009000 3.673e-11
300.146000 3.635e-11
300.283000 3.5985e-11
300.420000 3.6027e-11
300.557000 3.6791e-11
300.694000 3.7194e-11
300.831000 3.708e-11
300.968000 3.7032e-11
301.105000 3.7189e-11
301.242000 3.7185e-11
301.379000 3.7269e-11
301.516000 3.7262e-11
301.653000 3.6926e-11
301.790000 3.6479e-11
301.928000 3.6612e-11
302.065000 3.6246e-11
302.202000 3.5939e-11
302.339000 3.6682e-11
302.476000 3.6982e-11
302.613000 3.6678e-11
302.750000 3.6421e-11
302.887000 3.6743e-11
303.024000 3.6617e-11
303.161000 3.6345e-11
303.298000 3.6269e-11
303.435000 3.6167e-11
303.572000 3.6418e-11
303.709000 3.6448e-11
303.846000 3.6284e-11
303.983000 3.6361e-11
304.120000 3.6278e-11
304.257000 3.5983e-11
304.394000 3.6132e-11
304.531000 3.6352e-11
304.668000 3.6316e-11
304.805000 3.5985e-11
304.942000 3.577e-11
305.079000 3.5784e-11
305.216000 3.604e-11
305.353000 3.6288e-11
305.490000 3.6388e-11
305.627000 3.6092e-11
305.764000 3.572e-11
305.901000 3.5403e-11
306.038000 3.5544e-11
306.175000 3.5996e-11
306.312000 3.6024e-11
306.449000 3.5968e-11
306.725000 3.54e-11
306.999000 3.5408e-11
307.274000 3.496e-11
307.548000 3.4796e-11
307.823000 3.5106e-11
308.098000 3.569e-11
308.372000 3.5735e-11
308.647000 3.5398e-11
308.921000 3.4945e-11
309.196000 3.482e-11
309.471000 3.4886e-11
309.745000 3.5109e-11
310.020000 3.5055e-11
310.294000 3.482e-11
310.569000 3.4832e-11
310.844000 3.5234e-11
311.118000 3.521e-11
311.393000 3.5188e-11
311.668000 3.4627e-11
311.942000 3.4264e-11
312.217000 3.4525e-11
312.491000 3.4426e-11
312.766000 3.4455e-11
313.041000 3.438e-11
313.315000 3.4534e-11
313.590000 3.4652e-11
313.865000 3.5032e-11
314.139000 3.5073e-11
314.414000 3.4856e-11
314.689000 3.4725e-11
314.963000 3.4819e-11
315.238000 3.4783e-11
315.512000 3.4599e-11
315.787000 3.4254e-11
316.062000 3.3773e-11
316.336000 3.4019e-11
316.611000 3.4315e-11
316.886000 3.4281e-11
317.160000 3.4628e-11
317.435000 3.4523e-11
317.710000 3.4063e-11
317.984000 3.3203e-11
318.259000 3.3449e-11
318.534000 3.3933e-11
318.808000 3.3852e-11
319.083000 3.3669e-11
319.358000 3.3507e-11
319.632000 3.3586e-11
319.907000 3.4113e-11
320.182000 3.4266e-11
320.456000 3.4287e-11
320.731000 3.3982e-11
321.006000 3.3571e-11
321.281000 3.3331e-11
321.555000 3.3371e-11
321.830000 3.3459e-11
322.105000 3.3623e-11
322.379000 3.3545e-11
322.654000 3.3161e-11
322.929000 3.2872e-11
323.203000 3.3016e-11
323.478000 3.2714e-11
323.753000 3.2586e-11
324.028000 3.295e-11
324.302000 3.3436e-11
324.577000 3.3592e-11
324.852000 3.3316e-11
325.126000 3.3093e-11
325.401000 3.3037e-11
325.676000 3.3298e-11
325.951000 3.3394e-11
326.225000 3.3486e-11
326.500000 3.3603e-11
326.775000 3.3529e-11
327.049000 3.3351e-11
327.324000 3.3233e-11
327.599000 3.3004e-11
327.874000 3.289e-11
328.148000 3.3121e-11
328.423000 3.3261e-11
328.698000 3.3059e-11
328.973000 3.3276e-11
329.247000 3.3473e-11
329.522000 3.3425e-11
329.797000 3.3461e-11
330.072000 3.3482e-11
330.346000 3.3364e-11
330.621000 3.3271e-11
330.896000 3.3286e-11
331.171000 3.3016e-11
331.445000 3.3137e-11
331.720000 3.3185e-11
331.995000 3.3073e-11
332.270000 3.2678e-11
332.544000 3.2686e-11
332.819000 3.2712e-11
333.094000 3.2697e-11
333.369000 3.2586e-11
333.643000 3.2254e-11
333.918000 3.2202e-11
334.193000 3.213e-11
334.468000 3.2297e-11
334.743000 3.2086e-11
335.017000 3.1993e-11
335.292000 3.2489e-11
335.567000 3.2621e-11
335.842000 3.2126e-11
336.116000 3.1982e-11
336.391000 3.2327e-11
336.666000 3.2344e-11
336.941000 3.2162e-11
337.216000 3.2134e-11
337.490000 3.2345e-11
337.765000 3.2303e-11
338.040000 3.1972e-11
338.315000 3.1998e-11
338.590000 3.2194e-11
338.864000 3.2228e-11
339.139000 3.2093e-11
339.414000 3.1972e-11
339.689000 3.2194e-11
339.964000 3.2398e-11
340.238000 3.2218e-11
340.513000 3.2179e-11
340.788000 3.2015e-11
341.063000 3.2219e-11
341.338000 3.237e-11
341.612000 3.228e-11
341.887000 3.2164e-11
342.162000 3.1944e-11
342.437000 3.2044e-11
342.712000 3.226e-11
342.986000 3.2317e-11
343.261000 3.2198e-11
343.536000 3.2032e-11
343.811000 3.1966e-11
344.086000 3.1638e-11
344.361000 3.1533e-11
344.635000 3.1763e-11
344.910000 3.1943e-11
345.185000 3.2115e-11
345.460000 3.2059e-11
345.735000 3.1876e-11
346.010000 3.1597e-11
346.284000 3.1554e-11
346.559000 3.1799e-11
346.834000 3.1798e-11
347.109000 3.1779e-11
347.384000 3.1393e-11
347.659000 3.1342e-11
347.933000 3.1508e-11
348.208000 3.1507e-11
348.483000 3.1323e-11
348.758000 3.1296e-11
349.033000 3.1163e-11
349.308000 3.12e-11
349.582000 3.1214e-11
349.857000 3.1344e-11
350.132000 3.1324e-11
350.407000 3.1218e-11
350.682000 3.1122e-11
350.957000 3.1096e-11
351.232000 3.1024e-11
351.506000 3.1089e-11
351.781000 3.1355e-11
352.056000 3.1427e-11
352.331000 3.1359e-11
352.606000 3.1328e-11
352.881000 3.1201e-11
353.156000 3.1149e-11
353.430000 3.1067e-11
353.705000 3.1151e-11
353.980000 3.118e-11
354.255000 3.1262e-11
354.530000 3.1236e-11
354.805000 3.1304e-11
355.080000 3.1344e-11
355.355000 3.1219e-11
355.629000 3.1e-11
355.904000 3.1014e-11
356.179000 3.1083e-11
356.454000 3.0905e-11
356.729000 3.0721e-11
357.004000 3.0623e-11
357.279000 3.0481e-11
357.554000 3.0619e-11
357.828000 3.0615e-11
358.103000 3.0539e-11
358.378000 3.0387e-11
358.653000 3.0439e-11
358.928000 3.0612e-11
359.203000 3.0622e-11
359.478000 3.0624e-11
359.753000 3.0667e-11
360.028000 3.0611e-11
360.302000 3.0482e-11
360.577000 3.0436e-11
360.852000 3.0419e-11
361.127000 3.0389e-11
361.402000 3.0363e-11
361.677000 3.0413e-11
361.952000 3.0402e-11
362.227000 3.0443e-11
362.502000 3.0403e-11
362.777000 3.0376e-11
363.051000 3.0234e-11
363.326000 3.021e-11
363.601000 3.0342e-11
363.876000 3.0364e-11
364.151000 3.0261e-11
364.426000 3.0286e-11
364.701000 3.03e-11
364.976000 3.0231e-11
365.251000 3.0165e-11
365.526000 3.0173e-11
365.800000 3.0225e-11
366.075000 3.016e-11
366.350000 3.0179e-11
366.625000 3.0309e-11
366.900000 3.0176e-11
367.175000 3.008e-11
367.450000 3.006e-11
367.725000 2.9998e-11
368.000000 2.9906e-11
368.275000 2.991e-11
368.550000 2.9774e-11
368.825000 2.9749e-11
369.099000 3.0074e-11
369.374000 3.033e-11
369.649000 3.0252e-11
369.924000 3.0584e-11
370.199000 3.0733e-11
370.474000 2.9934e-11
370.749000 3.1212e-11
371.024000 3.0952e-11
371.299000 3.0179e-11
371.574000 3.2819e-11
371.849000 3.3519e-11
372.124000 3.0618e-11
372.399000 3.1081e-11
372.673000 3.5567e-11
372.948000 3.7372e-11
373.223000 3.3853e-11
373.498000 3.0345e-11
373.773000 3.3538e-11
374.048000 3.9773e-11
374.323000 4.2471e-11
374.598000 3.9271e-11
374.873000 3.3116e-11
375.148000 3.0993e-11
375.423000 3.6506e-11
375.698000 4.348e-11
375.973000 4.7556e-11
376.248000 4.7943e-11
376.523000 4.4293e-11
376.797000 3.7429e-11
377.072000 3.1834e-11
377.347000 3.4343e-11
377.622000 4.2735e-11
377.897000 5.1312e-11
378.172000 5.7482e-11
378.447000 6.0391e-11
378.722000 5.9421e-11
378.997000 5.4984e-11
379.272000 4.7456e-11
379.547000 3.8564e-11
379.822000 3.279e-11
380.097000 3.5865e-11
380.372000 4.4496e-11
380.647000 5.3343e-11
380.922000 6.1234e-11
381.197000 6.6984e-11
381.471000 6.9716e-11
381.746000 7.1564e-11
382.021000 7.0559e-11
382.296000 6.7211e-11
382.571000 6.1333e-11
382.846000 5.347e-11
383.121000 4.4388e-11
383.396000 3.5924e-11
383.671000 3.2834e-11
383.946000 3.8407e-11
384.221000 4.7815e-11
384.496000 5.7299e-11
384.771000 6.5236e-11
385.046000 7.1322e-11
385.321000 7.5844e-11
385.596000 7.8415e-11
385.871000 8.0398e-11
386.146000 8.1453e-11
386.421000 8.1904e-11
386.696000 8.1623e-11
386.970000 8.0268e-11
387.245000 7.7254e-11
387.520000 7.2941e-11
387.795000 6.6988e-11
388.070000 5.9392e-11
388.345000 5.0683e-11
388.620000 4.118e-11
388.895000 3.4153e-11
389.170000 3.5566e-11
389.445000 4.3401e-11
389.720000 5.247e-11
389.995000 6.0595e-11
390.270000 6.7703e-11
390.545000 7.3516e-11
390.820000 7.8119e-11
391.095000 8.1282e-11
391.370000 8.2855e-11
391.645000 8.4402e-11
391.920000 8.5839e-11
392.195000 8.6472e-11
392.470000 8.6966e-11
392.745000 8.6704e-11
393.020000 8.47e-11
393.294000 8.0122e-11
393.569000 7.9524e-11
393.844000 8.3463e-11
394.119000 8.4684e-11
394.394000 8.3749e-11
394.669000 8.2091e-11
394.944000 7.9974e-11
395.219000 7.7048e-11
395.494000 7.2976e-11
395.769000 6.7638e-11
396.044000 6.0984e-11
396.319000 5.3106e-11
396.594000 4.4207e-11
396.869000 3.5516e-11
397.144000 3.2896e-11
397.419000 3.8359e-11
397.694000 4.7118e-11
397.969000 5.5358e-11
398.244000 6.2646e-11
398.519000 6.8512e-11
398.794000 7.2943e-11
399.069000 7.6691e-11
399.344000 7.9481e-11
399.619000 8.1044e-11
399.894000 8.2443e-11
400.169000 8.3437e-11
400.444000 8.4134e-11
400.718000 8.4713e-11
400.993000 8.5258e-11
401.268000 8.5418e-11
401.543000 8.5385e-11
401.818000 8.5901e-11
402.093000 8.5836e-11
402.368000 8.562e-11
402.643000 8.5407e-11
402.918000 8.5265e-11
403.193000 8.5468e-11
403.468000 8.5569e-11
403.743000 8.578e-11
404.018000 8.542e-11
404.293000 8.4813e-11
404.568000 8.4372e-11
404.843000 8.4256e-11
405.118000 8.4207e-11
405.393000 8.3813e-11
405.668000 8.3303e-11
405.943000 8.2602e-11
406.218000 8.172e-11
406.493000 8.136e-11
406.768000 8.0914e-11
407.043000 7.9771e-11
407.318000 7.8761e-11
407.593000 7.7677e-11
407.867000 7.608e-11
408.142000 7.4106e-11
408.417000 7.1196e-11
408.692000 6.7266e-11
408.967000 6.2411e-11
409.242000 5.6356e-11
409.517000 4.9261e-11
409.792000 4.1109e-11
410.067000 3.3927e-11
410.342000 3.2498e-11
410.617000 3.7929e-11
410.892000 4.5221e-11
411.167000 5.2365e-11
411.442000 5.8466e-11
411.717000 6.3357e-11
411.992000 6.7294e-11
412.267000 7.0403e-11
412.542000 7.2599e-11
412.817000 7.385e-11
413.092000 7.5132e-11
413.367000 7.6384e-11
413.642000 7.7729e-11
413.917000 7.8327e-11
414.192000 7.8853e-11
414.466000 7.8801e-11
414.741000 7.9213e-11
415.016000 7.9254e-11
415.291000 7.9345e-11
415.566000 7.9331e-11
415.841000 7.9628e-11
416.116000 7.9518e-11
416.391000 7.8936e-11
416.666000 7.9066e-11
416.941000 7.9013e-11
417.216000 7.856e-11
417.491000 7.8095e-11
417.766000 7.8015e-11
418.041000 7.8196e-11
418.316000 7.8395e-11
418.591000 7.8589e-11
418.866000 7.8564e-11
419.141000 7.8432e-11
419.416000 7.8266e-11
419.691000 7.7971e-11
419.965000 7.7787e-11
420.240000 7.7681e-11
420.515000 7.7462e-11
420.790000 7.7662e-11
421.065000 7.7602e-11
421.340000 7.7222e-11
421.615000 7.6937e-11
421.890000 7.6902e-11
422.165000 7.6849e-11
422.440000 7.6423e-11
422.715000 7.5749e-11
422.990000 7.5835e-11
423.265000 7.5386e-11
423.540000 7.5399e-11
423.815000 7.5822e-11
424.090000 7.5724e-11
424.365000 7.5377e-11
424.640000 7.5048e-11
424.914000 7.4921e-11
425.189000 7.4636e-11
425.464000 7.463e-11
425.739000 7.4674e-11
426.014000 7.4547e-11
426.289000 7.4324e-11
426.564000 7.4133e-11
426.839000 7.4036e-11
427.114000 7.3533e-11
427.389000 7.3294e-11
427.664000 7.3277e-11
427.939000 7.2889e-11
428.214000 7.2787e-11
428.489000 7.2693e-11
428.764000 7.2548e-11
429.038000 7.1814e-11
429.313000 7.135e-11
429.588000 7.0867e-11
429.863000 7.0161e-11
430.138000 6.9049e-11
430.413000 6.8825e-11
430.688000 6.8529e-11
430.963000 6.7817e-11
431.238000 6.6975e-11
431.513000 6.5521e-11
431.788000 6.4269e-11
432.063000 6.2453e-11
432.338000 6.0065e-11
432.612000 5.6621e-11
432.887000 5.2007e-11
433.162000 4.7903e-11
433.437000 4.2378e-11
433.712000 3.5817e-11
433.987000 3.0051e-11
434.262000 2.9352e-11
434.537000 3.4174e-11
434.812000 4.0328e-11
435.087000 4.575e-11
435.362000 5.0562e-11
435.637000 5.4798e-11
435.911000 5.8198e-11
436.186000 6.0657e-11
436.461000 6.2239e-11
436.736000 6.3595e-11
437.011000 6.4544e-11
437.286000 6.568e-11
437.561000 6.6281e-11
437.836000 6.6803e-11
438.111000 6.7127e-11
438.386000 6.654e-11
438.661000 6.6475e-11
438.935000 6.7015e-11
439.210000 6.7306e-11
439.485000 6.7203e-11
439.760000 6.7264e-11
440.035000 6.7492e-11
440.310000 6.7582e-11
440.585000 6.7658e-11
440.860000 6.7959e-11
441.135000 6.7916e-11
441.410000 6.7703e-11
441.684000 6.7302e-11
441.959000 6.72e-11
442.234000 6.757e-11
442.509000 6.7723e-11
442.784000 6.7555e-11
443.059000 6.7383e-11
443.334000 6.7443e-11
443.609000 6.7155e-11
443.884000 6.6958e-11
444.158000 6.686e-11
444.433000 6.6344e-11
444.708000 6.6281e-11
444.983000 6.6321e-11
445.258000 6.6369e-11
445.533000 6.6079e-11
445.808000 6.585e-11
446.083000 6.5706e-11
446.357000 6.5629e-11
446.632000 6.5413e-11
446.907000 6.4964e-11
447.182000 6.4642e-11
447.457000 6.4741e-11
447.732000 6.4542e-11
448.007000 6.3688e-11
448.282000 6.2396e-11
448.556000 6.3719e-11
448.831000 6.444e-11
449.106000 6.4252e-11
449.381000 6.4218e-11
449.656000 6.4497e-11
449.931000 6.4391e-11
450.206000 6.3968e-11
450.480000 6.401e-11
450.755000 6.3958e-11
451.030000 6.3872e-11
451.305000 6.3864e-11
451.580000 6.3634e-11
451.855000 6.3354e-11
452.130000 6.3022e-11
452.404000 6.2641e-11
452.679000 6.2801e-11
452.954000 6.2776e-11
453.229000 6.2839e-11
453.504000 6.2302e-11
453.779000 6.2492e-11
454.054000 6.2743e-11
454.328000 6.2487e-11
454.603000 6.2182e-11
454.878000 6.1574e-11
455.153000 6.0861e-11
455.428000 6.1232e-11
455.703000 6.1073e-11
455.977000 6.1054e-11
456.252000 6.1374e-11
456.527000 6.1253e-11
456.802000 6.1173e-11
457.077000 6.1154e-11
457.352000 6.0837e-11
457.626000 6.0806e-11
457.901000 6.1068e-11
458.176000 6.0845e-11
458.451000 6.0179e-11
458.726000 6.0333e-11
459.000000 6.0351e-11
459.275000 6.0458e-11
459.550000 6.0523e-11
459.825000 6.0292e-11
460.100000 6.0555e-11
460.375000 6.056e-11
460.649000 6.0274e-11
460.924000 5.9821e-11
461.199000 6.0014e-11
461.474000 6.0149e-11
461.749000 5.9731e-11
462.023000 5.9574e-11
462.298000 5.9639e-11
462.573000 5.9754e-11
462.848000 5.9438e-11
463.123000 5.9167e-11
463.397000 5.8996e-11
463.672000 5.913e-11
463.947000 5.9145e-11
464.222000 5.9045e-11
464.497000 5.8905e-11
464.771000 5.8697e-11
465.046000 5.8776e-11
465.321000 5.8594e-11
465.596000 5.8499e-11
465.871000 5.8282e-11
466.145000 5.8256e-11
466.420000 5.8108e-11
466.695000 5.7905e-11
466.970000 5.7964e-11
467.244000 5.7963e-11
467.519000 5.7902e-11
467.794000 5.7816e-11
468.069000 5.7681e-11
468.344000 5.7477e-11
468.618000 5.744e-11
468.893000 5.73e-11
469.168000 5.7307e-11
469.443000 5.7197e-11
469.717000 5.6934e-11
469.992000 5.6802e-11
470.267000 5.6768e-11
470.542000 5.6707e-11
470.816000 5.665e-11
471.091000 5.6576e-11
471.366000 5.63e-11
471.641000 5.599e-11
471.915000 5.5986e-11
472.190000 5.6022e-11
472.465000 5.5701e-11
472.740000 5.583e-11
473.014000 5.5673e-11
473.289000 5.5567e-11
473.564000 5.5442e-11
473.839000 5.5225e-11
474.113000 5.5197e-11
474.388000 5.52e-11
474.663000 5.5042e-11
474.938000 5.4883e-11
475.212000 5.4811e-11
475.487000 5.4614e-11
475.762000 5.4651e-11
476.036000 5.4615e-11
476.311000 5.4488e-11
476.586000 5.415e-11
476.861000 5.4163e-11
477.135000 5.4107e-11
477.410000 5.4027e-11
477.685000 5.3931e-11
477.959000 5.3826e-11
478.234000 5.3847e-11
478.509000 5.3474e-11
478.784000 5.3206e-11
479.058000 5.3001e-11
479.333000 5.2823e-11
479.608000 5.2779e-11
479.882000 5.2707e-11
480.157000 5.2435e-11
480.432000 5.215e-11
480.706000 5.2027e-11
480.981000 5.1707e-11
481.256000 5.1505e-11
481.531000 5.1157e-11
481.805000 5.0874e-11
482.080000 5.0603e-11
482.355000 5.0216e-11
482.629000 4.9639e-11
482.904000 4.9342e-11
483.179000 4.8948e-11
483.453000 4.8205e-11
483.728000 4.7505e-11
484.003000 4.5962e-11
484.277000 4.4555e-11
484.552000 4.2687e-11
484.827000 4.0138e-11
485.101000 3.7381e-11
485.376000 3.4104e-11
485.651000 3.0252e-11
485.925000 2.6052e-11
486.200000 2.3284e-11
486.475000 2.498e-11
486.749000 2.8838e-11
487.024000 3.261e-11
487.299000 3.5692e-11
487.573000 3.8451e-11
487.848000 4.0793e-11
488.122000 4.2815e-11
488.397000 4.4324e-11
488.672000 4.5431e-11
488.946000 4.6113e-11
489.221000 4.6717e-11
489.496000 4.7376e-11
489.770000 4.7835e-11
490.045000 4.8189e-11
490.319000 4.8449e-11
490.594000 4.8683e-11
490.869000 4.8549e-11
491.143000 4.8719e-11
491.418000 4.8741e-11
491.693000 4.881e-11
491.967000 4.8544e-11
492.242000 4.8434e-11
492.516000 4.8276e-11
492.791000 4.874e-11
493.066000 4.8892e-11
493.340000 4.8849e-11
493.615000 4.8681e-11
493.889000 4.8815e-11
494.164000 4.8621e-11
494.439000 4.8621e-11
494.713000 4.8702e-11
494.988000 4.8737e-11
495.262000 4.8519e-11
495.537000 4.8336e-11
495.812000 4.8384e-11
496.086000 4.8331e-11
496.361000 4.8293e-11
496.635000 4.8156e-11
496.910000 4.8088e-11
497.184000 4.8147e-11
497.459000 4.8169e-11
497.734000 4.7985e-11
498.008000 4.8053e-11
498.283000 4.7812e-11
498.557000 4.7755e-11
498.832000 4.7654e-11
499.106000 4.7539e-11
499.381000 4.7599e-11
499.655000 4.7433e-11
499.930000 4.7407e-11
500.205000 4.7184e-11
500.479000 4.7118e-11
500.754000 4.7261e-11
501.028000 4.7206e-11
501.303000 4.6903e-11
501.577000 4.664e-11
501.852000 4.6251e-11
502.126000 4.6362e-11
502.401000 4.6704e-11
502.675000 4.685e-11
502.950000 4.675e-11
503.224000 4.6568e-11
503.499000 4.6437e-11
503.773000 4.6279e-11
504.048000 4.6179e-11
504.322000 4.6164e-11
504.597000 4.6116e-11
504.871000 4.6031e-11
505.146000 4.5804e-11
505.420000 4.5698e-11
505.695000 4.5369e-11
505.969000 4.5391e-11
506.244000 4.5533e-11
506.518000 4.5568e-11
506.793000 4.5586e-11
507.067000 4.5526e-11
507.342000 4.5268e-11
507.616000 4.5385e-11
507.891000 4.5462e-11
508.165000 4.5363e-11
508.440000 4.5316e-11
508.714000 4.5225e-11
508.989000 4.5028e-11
509.263000 4.4975e-11
509.538000 4.4791e-11
509.812000 4.465e-11
510.087000 4.4633e-11
510.361000 4.4605e-11
510.635000 4.4578e-11
510.910000 4.4555e-11
511.184000 4.4555e-11
511.459000 4.443e-11
511.733000 4.437e-11
512.008000 4.4323e-11
512.282000 4.4204e-11
512.557000 4.4098e-11
512.831000 4.402e-11
513.105000 4.394e-11
513.380000 4.3861e-11
513.654000 4.3791e-11
513.929000 4.3677e-11
514.203000 4.3679e-11
514.478000 4.3505e-11
514.752000 4.347e-11
515.026000 4.3368e-11
515.301000 4.3226e-11
515.575000 4.3109e-11
515.850000 4.3029e-11
516.124000 4.2944e-11
516.398000 4.2662e-11
516.673000 4.2149e-11
516.947000 4.1566e-11
517.222000 4.1728e-11
517.496000 4.2104e-11
517.770000 4.2342e-11
518.045000 4.2256e-11
518.319000 4.1872e-11
518.593000 4.1814e-11
518.868000 4.2007e-11
519.142000 4.2097e-11
519.417000 4.2143e-11
519.691000 4.1996e-11
519.965000 4.2024e-11
520.240000 4.2084e-11
520.514000 4.2082e-11
520.788000 4.1895e-11
521.063000 4.1804e-11
521.337000 4.1838e-11
521.611000 4.1774e-11
521.886000 4.1725e-11
522.160000 4.1681e-11
522.434000 4.1447e-11
522.709000 4.1279e-11
522.983000 4.106e-11
523.257000 4.1024e-11
523.532000 4.0912e-11
523.806000 4.094e-11
524.080000 4.107e-11
524.355000 4.1066e-11
524.629000 4.0969e-11
524.903000 4.0904e-11
525.178000 4.0967e-11
525.452000 4.1056e-11
525.726000 4.086e-11
526.001000 4.0704e-11
526.275000 4.0531e-11
526.549000 4.0275e-11
526.823000 4.0238e-11
527.098000 4.0218e-11
527.372000 4.01e-11
527.646000 3.9988e-11
527.921000 4.0061e-11
528.195000 4.0078e-11
528.469000 3.9973e-11
528.743000 3.9999e-11
529.018000 4.0016e-11
529.292000 3.9893e-11
529.566000 3.9853e-11
529.840000 3.972e-11
530.458000 3.96845e-11
530.989000 3.94859e-11
531.521000 3.91798e-11
532.054000 3.90227e-11
532.588000 3.89647e-11
533.122000 3.88241e-11
533.656000 3.87414e-11
534.191000 3.87166e-11
534.727000 3.87497e-11
535.263000 3.87083e-11
535.799000 3.85594e-11
536.337000 3.83195e-11
536.874000 3.81457e-11
537.412000 3.81127e-11
537.951000 3.80547e-11
538.490000 3.79224e-11
539.030000 3.78397e-11
539.571000 3.76907e-11
540.112000 3.74756e-11
540.653000 3.73019e-11
541.195000 3.72606e-11
541.738000 3.72109e-11
542.281000 3.71116e-11
542.824000 3.69627e-11
543.369000 3.68966e-11
543.913000 3.68469e-11
544.458000 3.67559e-11
545.004000 3.66318e-11
545.551000 3.65077e-11
546.098000 3.64002e-11
546.645000 3.63092e-11
547.193000 3.62182e-11
547.742000 3.60858e-11
548.291000 3.59866e-11
548.840000 3.58873e-11
549.391000 3.5788e-11
549.941000 3.56887e-11
550.493000 3.55564e-11
551.044000 3.54654e-11
551.597000 3.54075e-11
552.150000 3.52916e-11
552.704000 3.50931e-11
553.258000 3.49525e-11
553.812000 3.49111e-11
554.367000 3.48532e-11
554.923000 3.47539e-11
555.479000 3.46546e-11
556.036000 3.45554e-11
556.594000 3.44395e-11
557.152000 3.43072e-11
557.710000 3.42162e-11
558.269000 3.41252e-11
558.829000 3.39928e-11
559.389000 3.39184e-11
559.950000 3.38439e-11
560.512000 3.37529e-11
561.073000 3.36536e-11
561.636000 3.35213e-11
562.199000 3.3422e-11
562.762000 3.33475e-11
563.327000 3.32648e-11
563.891000 3.31655e-11
564.457000 3.3058e-11
565.023000 3.29504e-11
565.589000 3.28264e-11
566.156000 3.27105e-11
566.724000 3.26444e-11
567.292000 3.25699e-11
567.860000 3.24789e-11
568.430000 3.23714e-11
569.000000 3.22721e-11
569.570000 3.21811e-11
570.141000 3.20901e-11
570.712000 3.19908e-11
571.285000 3.18915e-11
571.857000 3.18088e-11
572.431000 3.17178e-11
573.004000 3.16268e-11
573.579000 3.15358e-11
574.154000 3.14365e-11
574.730000 3.1329e-11
575.306000 3.12214e-11
575.883000 3.11387e-11
576.460000 3.10477e-11
577.038000 3.09567e-11
577.616000 3.08574e-11
578.195000 3.07582e-11
578.775000 3.06672e-11
579.355000 3.05844e-11
579.936000 3.04934e-11
580.517000 3.04024e-11
581.099000 3.03114e-11
581.682000 3.02204e-11
582.265000 3.01294e-11
582.849000 3.00384e-11
583.433000 2.99474e-11
584.018000 2.98647e-11
584.603000 2.9782e-11
585.190000 2.96827e-11
585.776000 2.95834e-11
586.363000 2.94924e-11
586.951000 2.94014e-11
587.540000 2.92939e-11
588.129000 2.91863e-11
588.718000 2.90126e-11
589.308000 2.88223e-11
589.899000 2.87975e-11
590.490000 2.88389e-11
591.083000 2.87892e-11
591.675000 2.87065e-11
592.268000 2.86321e-11
592.862000 2.85411e-11
593.456000 2.84501e-11
594.051000 2.83756e-11
594.647000 2.82846e-11
595.243000 2.81771e-11
595.840000 2.80695e-11
596.437000 2.80033e-11
597.035000 2.79371e-11
597.633000 2.78296e-11
598.233000 2.77303e-11
598.832000 2.76641e-11
599.433000 2.75897e-11
600.034000 2.75152e-11
600.635000 2.74325e-11
601.237000 2.7325e-11
601.840000 2.72422e-11
602.443000 2.71761e-11
603.047000 2.71016e-11
603.652000 2.70354e-11
604.257000 2.69444e-11
604.863000 2.68534e-11
605.469000 2.6779e-11
606.076000 2.67045e-11
606.684000 2.66218e-11
607.292000 2.65473e-11
607.901000 2.64646e-11
608.510000 2.63736e-11
609.120000 2.62991e-11
609.731000 2.62247e-11
610.342000 2.6142e-11
610.954000 2.60592e-11
611.566000 2.59848e-11
612.179000 2.58938e-11
612.793000 2.5811e-11
613.408000 2.57283e-11
614.023000 2.56373e-11
614.638000 2.55132e-11
615.254000 2.53643e-11
615.871000 2.52402e-11
616.488000 2.52485e-11
617.106000 2.52568e-11
617.725000 2.51906e-11
618.344000 2.51244e-11
618.964000 2.50582e-11
619.585000 2.49838e-11
620.206000 2.4901e-11
620.828000 2.48349e-11
621.450000 2.47604e-11
622.073000 2.46777e-11
622.697000 2.45949e-11
623.321000 2.44874e-11
623.946000 2.43716e-11
624.571000 2.4264e-11
625.198000 2.42227e-11
625.824000 2.42061e-11
626.452000 2.41565e-11
627.080000 2.4082e-11
627.708000 2.40159e-11
628.338000 2.39414e-11
628.967000 2.38669e-11
629.598000 2.37842e-11
630.229000 2.37098e-11
630.861000 2.36353e-11
631.494000 2.35526e-11
632.127000 2.34698e-11
632.760000 2.34202e-11
633.395000 2.33375e-11
634.029000 2.32217e-11
634.665000 2.30479e-11
635.301000 2.30148e-11
635.938000 2.30397e-11
636.576000 2.29487e-11
637.214000 2.2808e-11
637.853000 2.27749e-11
638.492000 2.27584e-11
639.132000 2.27005e-11
639.773000 2.2626e-11
640.415000 2.25516e-11
641.056000 2.24688e-11
641.699000 2.23861e-11
642.342000 2.23199e-11
642.986000 2.2262e-11
643.631000 2.21793e-11
644.276000 2.21048e-11
644.922000 2.20138e-11
645.569000 2.18732e-11
646.216000 2.18153e-11
646.864000 2.17987e-11
647.512000 2.17326e-11
648.161000 2.16416e-11
648.811000 2.1534e-11
649.462000 2.14182e-11
650.112000 2.13107e-11
650.764000 2.11948e-11
651.417000 2.10211e-11
652.070000 2.07977e-11
652.723000 2.05165e-11
653.378000 2.00863e-11
654.033000 1.93831e-11
654.688000 1.82249e-11
655.345000 1.63139e-11
656.002000 1.38486e-11
656.659000 1.31785e-11
657.318000 1.52219e-11
657.977000 1.73645e-11
658.636000 1.86468e-11
659.297000 1.93583e-11
659.958000 1.97471e-11
660.619000 1.99539e-11
661.281000 2.00615e-11
661.944000 2.01111e-11
662.608000 2.01194e-11
663.272000 2.01111e-11
663.937000 2.00863e-11
664.603000 2.00532e-11
665.269000 2.00118e-11
665.936000 1.99622e-11
666.604000 1.99126e-11
667.272000 1.98629e-11
667.941000 1.9805e-11
668.610000 1.97554e-11
669.281000 1.97057e-11
669.952000 1.96561e-11
670.623000 1.95982e-11
671.296000 1.95403e-11
671.969000 1.94741e-11
672.642000 1.93996e-11
673.317000 1.93583e-11
673.992000 1.93086e-11
674.667000 1.92507e-11
675.344000 1.91846e-11
676.021000 1.91349e-11
676.698000 1.9077e-11
677.377000 1.90191e-11
678.056000 1.89612e-11
678.735000 1.89033e-11
679.416000 1.88454e-11
680.097000 1.87957e-11
680.779000 1.87378e-11
681.461000 1.86799e-11
682.144000 1.86137e-11
682.828000 1.85558e-11
683.513000 1.84979e-11
684.198000 1.84483e-11
684.884000 1.83904e-11
685.571000 1.83325e-11
686.258000 1.82745e-11
686.946000 1.82249e-11
687.635000 1.8167e-11
688.324000 1.81091e-11
689.014000 1.80595e-11
689.705000 1.80015e-11
690.396000 1.79436e-11
691.088000 1.78857e-11
691.781000 1.78361e-11
692.475000 1.77782e-11
693.169000 1.77285e-11
693.864000 1.76706e-11
694.559000 1.7621e-11
695.256000 1.75631e-11
695.952000 1.75052e-11
696.650000 1.74555e-11
697.349000 1.73976e-11
698.048000 1.7348e-11
698.748000 1.72984e-11
699.448000 1.72322e-11
700.149000 1.7166e-11
700.851000 1.71164e-11
701.554000 1.7075e-11
702.257000 1.70171e-11
702.961000 1.69675e-11
703.666000 1.69178e-11
704.371000 1.68682e-11
705.077000 1.68185e-11
705.784000 1.67689e-11
706.492000 1.6711e-11
707.200000 1.66614e-11
707.909000 1.66117e-11
708.619000 1.65621e-11
709.329000 1.65124e-11
710.040000 1.64545e-11
710.752000 1.63635e-11
711.464000 1.62643e-11
712.178000 1.62394e-11
712.892000 1.62312e-11
713.606000 1.61981e-11
714.322000 1.61484e-11
715.038000 1.60988e-11
715.755000 1.60409e-11
716.472000 1.59913e-11
717.190000 1.59499e-11
717.909000 1.59003e-11
718.629000 1.58506e-11
719.350000 1.5801e-11
720.071000 1.57514e-11
720.793000 1.57017e-11
721.515000 1.56521e-11
722.238000 1.56024e-11
722.962000 1.55528e-11
723.687000 1.55114e-11
724.413000 1.54618e-11
725.139000 1.54122e-11
725.866000 1.53625e-11
726.594000 1.53212e-11
727.322000 1.52715e-11
728.051000 1.52219e-11
728.781000 1.51723e-11
729.512000 1.51226e-11
730.243000 1.50813e-11
730.975000 1.50234e-11
731.708000 1.4982e-11
732.442000 1.49406e-11
733.176000 1.48993e-11
733.911000 1.48579e-11
734.646000 1.48083e-11
735.383000 1.47586e-11
736.120000 1.47173e-11
736.858000 1.46676e-11
737.597000 1.46263e-11
738.336000 1.45766e-11
739.077000 1.4527e-11
739.817000 1.44856e-11
740.559000 1.4436e-11
741.302000 1.43863e-11
742.045000 1.43284e-11
742.788000 1.42788e-11
743.533000 1.42374e-11
744.279000 1.41961e-11
745.025000 1.41547e-11
745.772000 1.41133e-11
746.519000 1.40554e-11
747.268000 1.39975e-11
748.017000 1.39562e-11
748.767000 1.39231e-11
749.517000 1.38983e-11
750.269000 1.38569e-11
751.021000 1.38073e-11
751.774000 1.37576e-11
752.527000 1.37245e-11
753.282000 1.36914e-11
754.037000 1.36501e-11
754.793000 1.36087e-11
755.550000 1.35673e-11
756.307000 1.3526e-11
757.065000 1.34763e-11
757.824000 1.3435e-11
758.584000 1.33936e-11
759.344000 1.33523e-11
760.106000 1.33192e-11
760.868000 1.32695e-11
761.630000 1.32282e-11
762.394000 1.31868e-11
763.158000 1.31454e-11
763.923000 1.31041e-11
764.689000 1.30627e-11
765.456000 1.30131e-11
766.223000 1.29717e-11
766.991000 1.29303e-11
767.760000 1.28972e-11
768.530000 1.28559e-11
769.300000 1.28145e-11
770.071000 1.27732e-11
770.844000 1.27318e-11
771.616000 1.26822e-11
772.390000 1.26573e-11
773.164000 1.2616e-11
773.939000 1.25829e-11
774.715000 1.25415e-11
775.492000 1.25002e-11
776.269000 1.2434e-11
777.047000 1.22685e-11
777.826000 1.21858e-11
778.606000 1.22768e-11
779.387000 1.23016e-11
780.168000 1.22685e-11
780.950000 1.22272e-11
781.733000 1.21941e-11
782.517000 1.21527e-11
783.301000 1.21031e-11
784.087000 1.20617e-11
784.873000 1.20203e-11
785.659000 1.19872e-11
786.447000 1.19459e-11
787.235000 1.19045e-11
788.025000 1.18549e-11
788.815000 1.18135e-11
789.605000 1.17556e-11
790.397000 1.17225e-11
791.189000 1.17225e-11
791.983000 1.16977e-11
792.777000 1.16646e-11
793.571000 1.1615e-11
794.367000 1.15653e-11
795.163000 1.1524e-11
795.960000 1.15074e-11
796.758000 1.14826e-11
797.557000 1.1433e-11
798.356000 1.13668e-11
799.157000 1.13089e-11
799.958000 1.12923e-11
800.760000 1.12923e-11
801.563000 1.12592e-11
802.366000 1.12261e-11
803.171000 1.11931e-11
803.976000 1.116e-11
804.782000 1.11186e-11
805.589000 1.10855e-11
806.396000 1.10524e-11
807.205000 1.10193e-11
808.014000 1.0978e-11
808.824000 1.09449e-11
809.635000 1.09118e-11
810.446000 1.08787e-11
811.259000 1.08456e-11
812.072000 1.08125e-11
812.886000 1.07794e-11
813.701000 1.07463e-11
814.517000 1.07132e-11
815.333000 1.06801e-11
816.151000 1.06388e-11
816.969000 1.06057e-11
817.788000 1.05643e-11
818.608000 1.05147e-11
819.429000 1.04733e-11
820.250000 1.04402e-11
821.072000 1.04071e-11
821.896000 1.03658e-11
822.720000 1.0341e-11
823.544000 1.03161e-11
824.370000 1.02913e-11
825.196000 1.02582e-11
826.024000 1.025e-11
826.852000 1.02334e-11
827.681000 1.02086e-11
828.510000 1.01755e-11
829.341000 1.01424e-11
830.172000 1.01176e-11
831.005000 1.00928e-11
831.838000 1.00597e-11
832.672000 1.00183e-11
833.506000 9.96042e-12
834.342000 9.94387e-12
835.178000 9.9356e-12
836.016000 9.90251e-12
836.854000 9.86942e-12
837.693000 9.83632e-12
838.532000 9.79496e-12
839.373000 9.76187e-12
840.215000 9.72878e-12
841.057000 9.67914e-12
841.900000 9.64605e-12
842.744000 9.61296e-12
843.589000 9.52196e-12
844.435000 9.43096e-12
845.281000 9.43923e-12
846.129000 9.39787e-12
846.977000 9.29859e-12
847.826000 9.38132e-12
848.676000 9.42268e-12
849.527000 9.19105e-12
850.378000 8.95941e-12
851.231000 9.11659e-12
852.084000 9.3565e-12
852.938000 9.32341e-12
853.793000 8.90977e-12
854.649000 8.51268e-12
855.506000 8.76914e-12
856.364000 9.22414e-12
857.222000 9.40614e-12
858.082000 9.27378e-12
858.942000 8.75259e-12
859.803000 8.13792e-12
860.665000 8.28104e-12
861.528000 8.94286e-12
862.391000 9.3565e-12
863.256000 9.47232e-12
864.121000 9.38132e-12
864.988000 8.95941e-12
865.855000 8.11476e-12
866.723000 7.53401e-12
867.592000 8.03203e-12
868.462000 8.84359e-12
869.332000 9.33169e-12
870.204000 9.54678e-12
871.076000 9.59641e-12
871.949000 9.49714e-12
872.823000 9.19105e-12
873.698000 8.5375e-12
874.574000 7.58199e-12
875.451000 7.18821e-12
876.329000 7.88064e-12
877.207000 8.73605e-12
878.087000 9.25723e-12
878.967000 9.52196e-12
879.848000 9.6295e-12
880.730000 9.63778e-12
881.613000 9.59641e-12
882.497000 9.45578e-12
883.382000 9.18278e-12
884.267000 8.70295e-12
885.154000 7.9187e-12
886.041000 7.02524e-12
886.929000 6.9574e-12
887.818000 7.78633e-12
888.708000 8.55404e-12
889.599000 9.00905e-12
890.491000 9.24068e-12
891.384000 9.33996e-12
892.278000 9.38132e-12
893.172000 9.39787e-12
894.067000 9.40614e-12
894.964000 9.38132e-12
895.861000 9.30687e-12
896.759000 9.19932e-12
897.658000 9.02559e-12
898.558000 8.74432e-12
899.459000 8.27277e-12
900.360000 7.50754e-12
901.263000 6.648e-12
902.167000 6.59753e-12
903.071000 7.39337e-12
903.976000 8.11724e-12
904.883000 8.52095e-12
905.790000 8.69468e-12
906.698000 8.77741e-12
907.607000 8.86014e-12
908.517000 8.86014e-12
909.427000 8.83532e-12
910.339000 8.86014e-12
911.252000 8.86841e-12
912.165000 8.86014e-12
913.080000 8.86014e-12
913.995000 8.83532e-12
914.911000 8.79396e-12
915.829000 8.73605e-12
916.747000 8.66986e-12
917.666000 8.56232e-12
918.586000 8.42168e-12
919.507000 8.22479e-12
920.428000 7.87981e-12
921.351000 7.28914e-12
922.275000 6.46848e-12
923.199000 6.01927e-12
924.125000 6.5115e-12
925.051000 7.2486e-12
925.979000 7.67465e-12
926.907000 7.92697e-12
927.836000 8.14785e-12
928.766000 8.25292e-12
929.697000 8.28104e-12
930.629000 8.28932e-12
931.562000 8.28932e-12
932.496000 8.27277e-12
933.431000 8.26036e-12
934.367000 8.24133e-12
935.304000 8.21982e-12
936.241000 8.19666e-12
937.180000 8.16936e-12
938.119000 8.13213e-12
939.060000 8.08332e-12
940.001000 8.02624e-12
940.944000 7.96999e-12
941.887000 7.97081e-12
942.831000 7.9766e-12
943.776000 7.95261e-12
944.722000 7.92118e-12
945.670000 7.88478e-12
946.618000 7.8401e-12
947.567000 7.78881e-12
948.517000 7.72263e-12
949.467000 7.63329e-12
950.419000 7.50175e-12
951.372000 7.29576e-12
952.326000 6.95409e-12
953.280000 6.38327e-12
954.236000 5.67264e-12
955.193000 5.51711e-12
956.150000 6.1111e-12
957.109000 6.70839e-12
958.068000 7.05585e-12
959.029000 7.23619e-12
959.990000 7.31644e-12
960.953000 7.35118e-12
961.916000 7.35615e-12
962.880000 7.35118e-12
963.846000 7.36194e-12
964.812000 7.35697e-12
965.779000 7.31892e-12
966.747000 7.31065e-12
967.716000 7.31313e-12
968.687000 7.29576e-12
969.658000 7.2759e-12
970.630000 7.25853e-12
971.603000 7.23702e-12
972.577000 7.2122e-12
973.552000 7.18573e-12
974.528000 7.16174e-12
975.505000 7.14023e-12
976.483000 7.11789e-12
977.462000 7.0939e-12
978.442000 7.06908e-12
979.422000 7.04426e-12
980.404000 7.01945e-12
981.387000 6.9938e-12
982.371000 6.9665e-12
983.356000 6.94251e-12
984.342000 6.91769e-12
985.329000 6.8846e-12
986.316000 6.8573e-12
987.305000 6.84158e-12
988.295000 6.81097e-12
989.286000 6.77126e-12
990.277000 6.7572e-12
991.270000 6.74065e-12
992.264000 6.7117e-12
993.259000 6.67943e-12
994.254000 6.65213e-12
995.251000 6.62732e-12
996.249000 6.59423e-12
997.248000 6.55452e-12
998.247000 6.50322e-12
999.248000 6.43456e-12
