9040.0	0.766024
9045.0	0.831132
9050.0	0.867905
9055.0	0.774603
9060.0	0.877727
9065.0	0.830288
9070.0	0.838845
9075.0	0.812682
9080.0	0.870017
9085.0	0.847869
9090.0	0.860446
9095.0	0.830175
9100.0	0.863823
9105.0	0.881069
9110.0	0.857958
9115.0	0.914021
9120.0	0.887219
9125.0	0.850611
9130.0	0.908417
9135.0	0.857559
9140.0	0.900755
9145.0	0.906192
9150.0	0.868657
9155.0	0.867937
9160.0	0.915854
9165.0	0.914548
9170.0	0.865997
9175.0	0.908176
9180.0	0.884748
9185.0	0.90624
9190.0	0.915583
9195.0	0.910852
9200.0	0.900379
9205.0	0.861412
9210.0	0.89429
9215.0	0.910212
9220.0	0.905569
9225.0	0.910622
9230.0	0.885567
9235.0	0.916005
9240.0	0.913929
9245.0	0.89621
9250.0	0.912066
9255.0	0.891123
9260.0	0.912158
9265.0	0.913258
9270.0	0.913531
9275.0	0.911338
9280.0	0.894921
9285.0	0.912616
9290.0	0.911839
9295.0	0.913593
9300.0	0.91283
9305.0	0.897079
9310.0	0.912307
9315.0	0.912182
9320.0	0.909687
9325.0	0.905727
9330.0	0.908825
9335.0	0.909227
9340.0	0.909044
9345.0	0.904947
9350.0	0.904744
9355.0	0.905998
9360.0	0.905571
9365.0	0.902535
9370.0	0.904113
9375.0	0.904347
9380.0	0.903827
9385.0	0.903984
9390.0	0.902644
9395.0	0.904096
9400.0	0.904614
9405.0	0.904642
9410.0	0.904792
9415.0	0.904873
9420.0	0.905768
9425.0	0.905675
9430.0	0.905989
9435.0	0.906089
9440.0	0.906315
9445.0	0.906498
9450.0	0.907014
9455.0	0.907421
9460.0	0.907858
9465.0	0.908281
9470.0	0.908556
9475.0	0.908976
9480.0	0.909218
9485.0	0.90957
9490.0	0.909739
9495.0	0.909902
9500.0	0.909931
9505.0	0.910178
9510.0	0.910268
9515.0	0.910568
9520.0	0.910533
9525.0	0.910223
9530.0	0.910155
9535.0	0.910926
9540.0	0.910967
9545.0	0.910996
9550.0	0.911014
9555.0	0.91102
9560.0	0.911022
9565.0	0.911026
9570.0	0.91103
9575.0	0.911027
9580.0	0.911016
9585.0	0.910992
9590.0	0.910965
9595.0	0.910944
9600.0	0.910897
9605.0	0.910794
9610.0	0.910679
9615.0	0.910747
9620.0	0.910706
9625.0	0.910651
9630.0	0.910537
9635.0	0.910592
9640.0	0.910403
9645.0	0.910336
9650.0	0.910273
9655.0	0.910317
9660.0	0.91042
9665.0	0.910369
9670.0	0.910314
9675.0	0.909468
9680.0	0.910196
9685.0	0.910148
9690.0	0.909968
9695.0	0.908988
9700.0	0.909449
9705.0	0.909903
9710.0	0.909274
9715.0	0.909181
9720.0	0.907333
9725.0	0.909615
9730.0	0.906782
9735.0	0.907666
9740.0	0.909449
9745.0	0.908176
9750.0	0.907852
9755.0	0.908143
9760.0	0.909184
9765.0	0.901921
9770.0	0.906473
9775.0	0.90561
9780.0	0.908924
9785.0	0.906593
9790.0	0.907631
9795.0	0.90864
9800.0	0.90708
9805.0	0.908584
9810.0	0.901033
9815.0	0.907941
9820.0	0.908408
9825.0	0.907813
9830.0	0.906208
9835.0	0.906229
9840.0	0.908147
9845.0	0.904632
9850.0	0.907957
9855.0	0.905356
9860.0	0.906146
9865.0	0.907796
9870.0	0.906023
9875.0	0.907263
9880.0	0.902808
9885.0	0.905898
9890.0	0.906814
9895.0	0.905901
9900.0	0.902947
9905.0	0.896371
9910.0	0.901079
9915.0	0.905664
9920.0	0.902317
9925.0	0.906184
9930.0	0.905002
9935.0	0.90528
9940.0	0.905457
9945.0	0.902883
9950.0	0.905339
9955.0	0.903725
9960.0	0.901793
9965.0	0.906161
9970.0	0.905776
9975.0	0.900078
9980.0	0.892914
9985.0	0.903112
9990.0	0.906015
9995.0	0.905713
10000.0	0.902258
10005.0	0.902226
10010.0	0.904508
10015.0	0.90398
10020.0	0.902761
10025.0	0.905163
10030.0	0.902892
10035.0	0.904937
10040.0	0.903166
10045.0	0.903385
10050.0	0.90445
10055.0	0.903535
10060.0	0.903432
10065.0	0.902405
10070.0	0.8921
10075.0	0.902979
10080.0	0.900739
10085.0	0.90105
10090.0	0.89936
10095.0	0.90016
10100.0	0.8894
10105.0	0.899564
10110.0	0.899354
10115.0	0.901873
10120.0	0.897706
10125.0	0.884478
10130.0	0.888208
10135.0	0.899615
10140.0	0.897125
10145.0	0.896845
10150.0	0.858419
10155.0	0.863081
10160.0	0.895054
10165.0	0.894471
10170.0	0.866796
10175.0	0.818742
10180.0	0.884794
10185.0	0.848675
10190.0	0.884152
10195.0	0.891939
10200.0	0.755235
10205.0	0.882267
10210.0	0.745497
10215.0	0.86109
10220.0	0.794611
10225.0	0.818063
10230.0	0.851765
10235.0	0.838755
10240.0	0.770758
10245.0	0.751595
10250.0	0.797648
10255.0	0.776682
10260.0	0.751564
10265.0	0.836694
10270.0	0.759092
10275.0	0.833228
10280.0	0.765309
10285.0	0.888342
10290.0	0.7841
10295.0	0.84205
10300.0	0.886568
10305.0	0.772101
10310.0	0.857866
10315.0	0.843794
10320.0	0.862747
10325.0	0.740999
10330.0	0.879617
10335.0	0.886089
10340.0	0.702325
10345.0	0.646416
10350.0	0.733327
10355.0	0.768244
10360.0	0.79909
10365.0	0.649898
10370.0	0.781089
10375.0	0.628124
10380.0	0.848623
10385.0	0.6404
10390.0	0.573297
10395.0	0.738188
10400.0	0.75407
10405.0	0.66546
10410.0	0.696031
10415.0	0.646884
10420.0	0.613232
10425.0	0.499
10430.0	0.75565
10435.0	0.544914
10440.0	0.794286
10445.0	0.701454
10450.0	0.493098
10455.0	0.677428
10460.0	0.551029
10465.0	0.568647
10470.0	0.705801
10475.0	0.535307
10480.0	0.678259
10485.0	0.624384
10490.0	0.614634
10495.0	0.607477
10500.0	0.430382
10505.0	0.532118
10510.0	0.722646
10515.0	0.754253
10520.0	0.57633
10525.0	0.44142
10530.0	0.476879
10535.0	0.775705
10540.0	0.693933
10545.0	0.340999
10550.0	0.560362
10555.0	0.645748
10560.0	0.588769
10565.0	0.550465
10570.0	0.459008
10575.0	0.559285
10580.0	0.689292
10585.0	0.503002
10590.0	0.304177
10595.0	0.664432
10600.0	0.623034
10605.0	0.319628
10610.0	0.643093
10615.0	0.615922
10620.0	0.733421
10625.0	0.545865
10630.0	0.632845
10635.0	0.535301
10640.0	0.761348
10645.0	0.750139
10650.0	0.534382
10655.0	0.491618
10660.0	0.39602
10665.0	0.588548
10670.0	0.348724
10675.0	0.429658
10680.0	0.564062
10685.0	0.305835
10690.0	0.535501
10695.0	0.574134
10700.0	0.206437
10705.0	0.405668
10710.0	0.367953
10715.0	0.604014
10720.0	0.358333
10725.0	0.559758
10730.0	0.337995
10735.0	0.731394
10740.0	0.491457
10745.0	0.705993
10750.0	0.608642
10755.0	0.697051
10760.0	0.759211
10765.0	0.688519
10770.0	0.828894
10775.0	0.681849
10780.0	0.807207
10785.0	0.859861
10790.0	0.871937
10795.0	0.782312
10800.0	0.874188
10805.0	0.810595
10810.0	0.820644
10815.0	0.818345
10820.0	0.817877
10825.0	0.833921
10830.0	0.838359
10835.0	0.834637
10840.0	0.869444
10845.0	0.823221
10850.0	0.800995
10855.0	0.8522
10860.0	0.845412
10865.0	0.886911
10870.0	0.781879
10875.0	0.836048
10880.0	0.86833
10885.0	0.75808
10890.0	0.821285
10895.0	0.648077
10900.0	0.809915
10905.0	0.803575
10910.0	0.845536
10915.0	0.806649
10920.0	0.615445
10925.0	0.72224
10930.0	0.850407
10935.0	0.822253
10940.0	0.756858
10945.0	0.712676
10950.0	0.668498
10955.0	0.81491
10960.0	0.873351
10965.0	0.649338
10970.0	0.872454
10975.0	0.77977
10980.0	0.766941
10985.0	0.730316
10990.0	0.813259
10995.0	0.773097
11000.0	0.704423
11005.0	0.860116
11010.0	0.659508
11015.0	0.824531
11020.0	0.726132
11025.0	0.773315
11030.0	0.783445
11035.0	0.820008
11040.0	0.878655
11045.0	0.800864
11050.0	0.861159
11055.0	0.820462
11060.0	0.860551
11065.0	0.875855
11070.0	0.791044
11075.0	0.758687
11080.0	0.758822
11085.0	0.762525
11090.0	0.804071
11095.0	0.749491
11100.0	0.767976
11105.0	0.699605
11110.0	0.787227
11115.0	0.857022
11120.0	0.590278
11125.0	0.690844
11130.0	0.786287
11135.0	0.858374
11140.0	0.786453
11145.0	0.786273
11150.0	0.7794
11155.0	0.756511
11160.0	0.855435
11165.0	0.775889
11170.0	0.84782
11175.0	0.849467
11180.0	0.854061
11185.0	0.885916
11190.0	0.862386
11195.0	0.849863
11200.0	0.882214
11205.0	0.886275
11210.0	0.874024
11215.0	0.885521
11220.0	0.885622
11225.0	0.884295
11230.0	0.883306
11235.0	0.882342
11240.0	0.885079
11245.0	0.886742
11250.0	0.886576
11255.0	0.884606
11260.0	0.877052
11265.0	0.886613
11270.0	0.885065
11275.0	0.882817
11280.0	0.886387
11285.0	0.8771
11290.0	0.886132
11295.0	0.884475
11300.0	0.885162
11305.0	0.886073
11310.0	0.885224
11315.0	0.884348
11320.0	0.884177
11325.0	0.885781
11330.0	0.884809
11335.0	0.882734
11340.0	0.885551
11345.0	0.883938
11350.0	0.885226
11355.0	0.883919
11360.0	0.884504
11365.0	0.885184
11370.0	0.88481
11375.0	0.884809
11380.0	0.884567
11385.0	0.883998
11390.0	0.884797
11395.0	0.884721
11400.0	0.884452
11405.0	0.884562
11410.0	0.884336
11415.0	0.88411
11420.0	0.884321
11425.0	0.884074
11430.0	0.884155
11435.0	0.884076
11440.0	0.883993
11445.0	0.883909
11450.0	0.883825
11455.0	0.883741
11460.0	0.883655
11465.0	0.883569
11470.0	0.883482
11475.0	0.883395
11480.0	0.883201
11485.0	0.883216
11490.0	0.88313
11495.0	0.883045
11500.0	0.882946
11505.0	0.882876
11510.0	0.88276
11515.0	0.882658
11520.0	0.882609
11525.0	0.882451
11530.0	0.882356
11535.0	0.882292
11540.0	0.882205
11545.0	0.882066
11550.0	0.881981
11555.0	0.881929
11560.0	0.881826
11565.0	0.881768
11570.0	0.881639
11575.0	0.881492
11580.0	0.88127
11585.0	0.881237
11590.0	0.881139
11595.0	0.881096
11600.0	0.880992
11605.0	0.880917
11610.0	0.880426
11615.0	0.88075
11620.0	0.8806
11625.0	0.880557
11630.0	0.880392
11635.0	0.880336
11640.0	0.879328
11645.0	0.880103
11650.0	0.879939
11655.0	0.879939
11660.0	0.877668
11665.0	0.879018
11670.0	0.879474
11675.0	0.878868
11680.0	0.879397
11685.0	0.877895
11690.0	0.877599
11695.0	0.878692
11700.0	0.877909
11705.0	0.875146
11710.0	0.87794
11715.0	0.877112
11720.0	0.877903
11725.0	0.877451
11730.0	0.87745
11735.0	0.87488
11740.0	0.877486
11745.0	0.870451
11750.0	0.878235
11755.0	0.874768
11760.0	0.876738
11765.0	0.876363
11770.0	0.876999
11775.0	0.876091
11780.0	0.874454
11785.0	0.877184
11790.0	0.873349
11795.0	0.877706
11800.0	0.877631
11805.0	0.87712
11810.0	0.877366
11815.0	0.873037
11820.0	0.877231
11825.0	0.877273
11830.0	0.875167
11835.0	0.875829
11840.0	0.872936
11845.0	0.876233
11850.0	0.868307
11855.0	0.875114
11860.0	0.869641
11865.0	0.876562
11870.0	0.875516
11875.0	0.868968
11880.0	0.869454
11885.0	0.875251
11890.0	0.863052
11895.0	0.867264
11900.0	0.87318
11905.0	0.871321
11910.0	0.868214
11915.0	0.8744
11920.0	0.863894
11925.0	0.868504
11930.0	0.873477
11935.0	0.855978
11940.0	0.864322
11945.0	0.870403
11950.0	0.861075
11955.0	0.85617
11960.0	0.864484
11965.0	0.848929
11970.0	0.861549
11975.0	0.852612
11980.0	0.873322
11985.0	0.860698
11990.0	0.833656
11995.0	0.841989
12000.0	0.833347
12005.0	0.856251
12010.0	0.870532
12015.0	0.796711
12020.0	0.793034
12025.0	0.861094
12030.0	0.839381
12035.0	0.865191
12040.0	0.798067
12045.0	0.82243
12050.0	0.858073
12055.0	0.815821
12060.0	0.755177
12065.0	0.856548
12070.0	0.80402
12075.0	0.813259
12080.0	0.74082
12085.0	0.814627
12090.0	0.866235
12095.0	0.866751
12100.0	0.835294
12105.0	0.814604
12110.0	0.802125
12115.0	0.843781
12120.0	0.868682
12125.0	0.804928
12130.0	0.850203
12135.0	0.827779
12140.0	0.792625
12145.0	0.736941
12150.0	0.559987
12155.0	0.790105
12160.0	0.833196
12165.0	0.816039
12170.0	0.860817
12175.0	0.824576
12180.0	0.857687
12185.0	0.862623
12190.0	0.808455
12195.0	0.74284
12200.0	0.790569
12205.0	0.851722
12210.0	0.719531
12215.0	0.850159
12220.0	0.784989
12225.0	0.636348
12230.0	0.849502
12235.0	0.790858
12240.0	0.810043
12245.0	0.731674
12250.0	0.746917
12255.0	0.800012
12260.0	0.759215
12265.0	0.7921
12270.0	0.770096
12275.0	0.839763
12280.0	0.773172
12285.0	0.846797
12290.0	0.775686
12295.0	0.816538
12300.0	0.857465
12305.0	0.849054
12310.0	0.843531
12315.0	0.854179
12320.0	0.847365
12325.0	0.853295
12330.0	0.856211
12335.0	0.860149
12340.0	0.864686
12345.0	0.860682
12350.0	0.848586
12355.0	0.861101
12360.0	0.866328
12365.0	0.856537
12370.0	0.863555
12375.0	0.863733
12380.0	0.863128
12385.0	0.865736
12390.0	0.860197
12395.0	0.865081
12400.0	0.862121
12405.0	0.862738
12410.0	0.864229
12415.0	0.863307
12420.0	0.864994
12425.0	0.858027
12430.0	0.851284
12435.0	0.861371
12440.0	0.856042
12445.0	0.855632
12450.0	0.856797
12455.0	0.854147
12460.0	0.849672
12465.0	0.860241
12470.0	0.860784
12475.0	0.845503
12480.0	0.862675
12485.0	0.844
12490.0	0.860596
12495.0	0.850828
12500.0	0.854338
12505.0	0.860785
12510.0	0.860803
12515.0	0.862842
12520.0	0.850535
12525.0	0.860863
12530.0	0.861963
12535.0	0.858749
12540.0	0.85548
12545.0	0.85314
12550.0	0.862579
12555.0	0.836046
12560.0	0.835891
12565.0	0.861374
12570.0	0.860312
12575.0	0.85866
12580.0	0.858751
12585.0	0.862992
12590.0	0.860636
12595.0	0.862353
12600.0	0.863555
12605.0	0.858354
12610.0	0.844239
12615.0	0.852801
12620.0	0.847859
12625.0	0.856062
12630.0	0.853865
12635.0	0.859911
12640.0	0.837791
12645.0	0.861047
12650.0	0.841523
12655.0	0.856399
12660.0	0.843582
12665.0	0.850564
12670.0	0.847931
12675.0	0.852405
12680.0	0.859051
12685.0	0.854324
12690.0	0.855262
12695.0	0.858097
12700.0	0.85802
12705.0	0.85824
12710.0	0.854283
12715.0	0.860255
12720.0	0.860452
12725.0	0.861064
12730.0	0.859371
12735.0	0.860124
12740.0	0.859991
12745.0	0.860604
12750.0	0.860491
12755.0	0.860411
12760.0	0.860224
12765.0	0.859963
12770.0	0.86006
12775.0	0.859939
12780.0	0.859738
12785.0	0.859622
12790.0	0.859596
12795.0	0.859456
12800.0	0.859381
12805.0	0.859274
12810.0	0.858977
12815.0	0.859058
12820.0	0.858958
12825.0	0.858813
12830.0	0.858571
12835.0	0.858667
12840.0	0.85856
12845.0	0.858492
12850.0	0.858375
12855.0	0.858208
12860.0	0.858226
12865.0	0.858165
12870.0	0.858038
12875.0	0.858013
12880.0	0.857873
12885.0	0.857846
12890.0	0.857672
12895.0	0.857704
12900.0	0.857445
12905.0	0.857587
12910.0	0.857184
12915.0	0.857161
12920.0	0.857163
12925.0	0.856623
12930.0	0.857213
12935.0	0.856345
12940.0	0.85591
12945.0	0.856495
12950.0	0.85649
12955.0	0.855239
12960.0	0.856412
12965.0	0.853956
12970.0	0.856635
12975.0	0.852917
12980.0	0.852517
12985.0	0.855409
12990.0	0.83785
12995.0	0.855178
13000.0	0.817433
13005.0	0.854856
13010.0	0.82067
13015.0	0.832975
13020.0	0.822573
13025.0	0.817209
13030.0	0.807332
13035.0	0.805104
13040.0	0.777592
13045.0	0.77964
13050.0	0.65409
13055.0	0.835239
13060.0	0.56232
13065.0	0.813947
13070.0	0.526112
13075.0	0.64841
13080.0	0.648553
13085.0	0.401812
13090.0	0.593298
13095.0	0.560329
13100.0	0.360494
13105.0	0.492803
13110.0	0.459976
13115.0	0.561895
13120.0	0.670152
13125.0	0.725796
13130.0	0.424827
13135.0	0.348239
13140.0	0.291419
13145.0	0.248537
13150.0	0.280561
13155.0	0.29768
13160.0	0.378469
13165.0	0.662894
13170.0	0.848144
13175.0	0.851073
13180.0	0.852165
13185.0	0.852612
13190.0	0.852658
13195.0	0.85257
13200.0	0.852462
13205.0	0.852352
13210.0	0.852243
13215.0	0.85213
13220.0	0.852018
13225.0	0.851905
13230.0	0.851789
13235.0	0.851669
13240.0	0.851485
13245.0	0.851155
13250.0	0.851219
13255.0	0.851114
13260.0	0.850917
13265.0	0.850883
13270.0	0.850812
13275.0	0.850683
13280.0	0.850484
13285.0	0.850426
13290.0	0.85024
13295.0	0.850164
13300.0	0.849836
13305.0	0.849904
13310.0	0.849722
13315.0	0.849603
13320.0	0.849381
13325.0	0.849204
13330.0	0.849162
13335.0	0.849136
13340.0	0.84877
13345.0	0.848803
13350.0	0.848682
13355.0	0.848632
13360.0	0.848374
13365.0	0.848279
13370.0	0.847903
13375.0	0.848174
13380.0	0.848032
13385.0	0.847563
13390.0	0.847636
13395.0	0.84783
13400.0	0.847493
13405.0	0.847319
13410.0	0.846796
13415.0	0.8469
13420.0	0.846974
13425.0	0.847097
13430.0	0.847016
13435.0	0.845271
13440.0	0.846405
13445.0	0.846174
13450.0	0.846573
13455.0	0.846418
13460.0	0.845839
13465.0	0.841981
13470.0	0.843132
13475.0	0.846117
13480.0	0.84374
13485.0	0.844538
13490.0	0.840002
13495.0	0.843028
13500.0	0.84311
13505.0	0.842734
13510.0	0.843625
13515.0	0.830911
13520.0	0.844033
13525.0	0.835215
13530.0	0.83737
13535.0	0.844201
13540.0	0.827413
13545.0	0.840277
13550.0	0.836069
13555.0	0.841453
13560.0	0.831345
13565.0	0.826388
13570.0	0.833364
13575.0	0.822243
13580.0	0.831137
13585.0	0.82642
13590.0	0.828038
13595.0	0.832552
13600.0	0.836217
13605.0	0.819735
13610.0	0.831043
13615.0	0.829127
13620.0	0.834383
13625.0	0.84101
13630.0	0.810852
13635.0	0.815912
13640.0	0.836581
13645.0	0.820797
13650.0	0.82363
13655.0	0.830512
13660.0	0.788673
13665.0	0.787977
13670.0	0.803776
13675.0	0.76995
13680.0	0.817391
13685.0	0.77331
13690.0	0.769334
13695.0	0.796318
13700.0	0.824376
13705.0	0.782767
13710.0	0.77822
13715.0	0.741869
13720.0	0.786417
13725.0	0.830053
13730.0	0.802898
13735.0	0.732477
13740.0	0.72725
13745.0	0.748081
13750.0	0.800286
13755.0	0.830615
13760.0	0.697791
13765.0	0.798374
13770.0	0.79946
13775.0	0.772264
13780.0	0.791771
13785.0	0.707329
13790.0	0.793062
13795.0	0.803168
13800.0	0.70291
13805.0	0.751656
13810.0	0.802941
13815.0	0.782064
13820.0	0.653114
13825.0	0.799577
13830.0	0.79125
13835.0	0.829165
13840.0	0.785533
13845.0	0.833529
13850.0	0.818609
13855.0	0.797001
13860.0	0.829898
13865.0	0.780799
13870.0	0.82328
13875.0	0.670193
13880.0	0.793788
13885.0	0.695335
13890.0	0.744993
13895.0	0.7165
13900.0	0.6848
13905.0	0.820756
13910.0	0.643507
13915.0	0.726995
13920.0	0.743507
13925.0	0.804971
13930.0	0.706127
13935.0	0.759079
13940.0	0.751284
13945.0	0.769273
13950.0	0.800036
13955.0	0.814666
13960.0	0.826678
13965.0	0.821713
13970.0	0.826729
13975.0	0.830131
13980.0	0.822111
13985.0	0.823095
13990.0	0.829817
13995.0	0.829054
14000.0	0.829517
14005.0	0.826676
14010.0	0.833509
14015.0	0.830669
14020.0	0.826991
14025.0	0.826993
14030.0	0.83199
14035.0	0.830288
14040.0	0.830956
14045.0	0.829185
14050.0	0.831079
14055.0	0.830171
14060.0	0.828722
14065.0	0.830316
14070.0	0.825808
14075.0	0.827714
14080.0	0.826829
14085.0	0.827332
14090.0	0.827509
14095.0	0.830529
14100.0	0.827497
14105.0	0.825177
14110.0	0.828407
14115.0	0.830455
14120.0	0.825233
14125.0	0.820661
14130.0	0.82606
14135.0	0.824273
14140.0	0.829348
14145.0	0.825344
14150.0	0.820458
14155.0	0.822592
14160.0	0.825496
14165.0	0.817144
14170.0	0.826292
14175.0	0.814159
14180.0	0.815835
14185.0	0.822257
14190.0	0.827676
14195.0	0.824097
14200.0	0.80847
14205.0	0.81391
14210.0	0.829007
14215.0	0.829022
14220.0	0.826731
14225.0	0.791106
14230.0	0.820923
14235.0	0.805959
14240.0	0.815769
14245.0	0.822117
14250.0	0.792447
14255.0	0.824053
14260.0	0.805841
14265.0	0.81955
14270.0	0.792801
14275.0	0.815457
14280.0	0.825263
14285.0	0.794979
14290.0	0.826371
14295.0	0.796203
14300.0	0.811574
14305.0	0.79715
14310.0	0.80447
14315.0	0.822531
14320.0	0.817214
14325.0	0.823379
14330.0	0.817854
14335.0	0.823951
14340.0	0.816081
14345.0	0.825896
14350.0	0.825904
14355.0	0.814651
14360.0	0.799783
14365.0	0.803472
14370.0	0.782976
14375.0	0.806381
14380.0	0.818822
14385.0	0.797006
14390.0	0.789273
14395.0	0.804727
14400.0	0.798064
14405.0	0.771219
14410.0	0.801895
14415.0	0.80462
14420.0	0.795819
14425.0	0.785836
14430.0	0.803031
14435.0	0.813739
14440.0	0.75913
14445.0	0.81931
14450.0	0.75266
14455.0	0.819183
14460.0	0.729952
14465.0	0.818499
14470.0	0.722403
14475.0	0.815298
14480.0	0.700149
14485.0	0.758056
14490.0	0.762775
14495.0	0.675575
14500.0	0.810236
14505.0	0.673974
14510.0	0.665496
14515.0	0.727008
14520.0	0.741084
14525.0	0.769175
14530.0	0.780209
14535.0	0.688856
14540.0	0.616685
14545.0	0.602076
14550.0	0.586575
14555.0	0.543616
14560.0	0.799843
14565.0	0.819786
14570.0	0.820171
14575.0	0.820233
14580.0	0.820334
14585.0	0.819721
14590.0	0.820001
14595.0	0.820175
14600.0	0.819764
14605.0	0.819425
14610.0	0.819049
14615.0	0.819416
14620.0	0.818964
14625.0	0.819451
14630.0	0.81905
14635.0	0.819206
14640.0	0.818837
14645.0	0.818825
14650.0	0.818298
14655.0	0.818606
14660.0	0.818626
14665.0	0.818268
14670.0	0.818094
14675.0	0.818189
14680.0	0.818091
14685.0	0.817852
14690.0	0.817904
14695.0	0.817665
14700.0	0.817555
14705.0	0.81754
14710.0	0.817413
14715.0	0.817288
14720.0	0.817165
14725.0	0.817038
14730.0	0.816908
14735.0	0.816788
14740.0	0.816665
14745.0	0.816526
14750.0	0.816401
14755.0	0.816262
14760.0	0.816117
14765.0	0.815989
14770.0	0.815853
14775.0	0.815716
14780.0	0.815575
14785.0	0.815446
14790.0	0.81531
14795.0	0.815166
14800.0	0.81503
14805.0	0.814903
14810.0	0.81476
14815.0	0.814622
14820.0	0.814491
14825.0	0.814351
14830.0	0.814219
14835.0	0.81408
14840.0	0.813953
14845.0	0.813794
14850.0	0.813647
14855.0	0.813524
14860.0	0.813387
14865.0	0.813246
14870.0	0.813093
14875.0	0.812954
14880.0	0.812813
14885.0	0.812666
14890.0	0.81252
14895.0	0.812371
14900.0	0.812224
14905.0	0.812084
14910.0	0.811951
14915.0	0.811793
14920.0	0.811645
14925.0	0.811476
14930.0	0.811354
14935.0	0.811213
14940.0	0.811073
14945.0	0.810919
14950.0	0.810772
14955.0	0.81063
14960.0	0.810313
14965.0	0.810332
14970.0	0.810178
14975.0	0.810043
14980.0	0.809865
14985.0	0.809445
14990.0	0.809589
14995.0	0.809438
15000.0	0.808922
15005.0	0.808842
15010.0	0.808694
15015.0	0.808848
15020.0	0.808569
15025.0	0.808349
15030.0	0.808303
15035.0	0.807786
15040.0	0.80804
15045.0	0.807626
15050.0	0.80694
15055.0	0.807461
15060.0	0.807336
15065.0	0.80739
15070.0	0.806718
15075.0	0.80661
15080.0	0.806637
15085.0	0.805924
15090.0	0.806674
15095.0	0.806089
15100.0	0.806127
15105.0	0.806097
15110.0	0.805677
15115.0	0.805953
15120.0	0.804196
15125.0	0.805309
15130.0	0.805395
15135.0	0.80435
15140.0	0.803626
15145.0	0.804223
15150.0	0.802068
15155.0	0.803907
15160.0	0.802665
15165.0	0.803843
15170.0	0.803992
15175.0	0.802622
15180.0	0.797985
15185.0	0.801305
15190.0	0.800843
15195.0	0.802707
15200.0	0.80262
15205.0	0.793574
15210.0	0.795746
15215.0	0.801108
15220.0	0.798272
15225.0	0.801832
15230.0	0.792247
15235.0	0.798639
15240.0	0.798917
15245.0	0.793485
15250.0	0.799764
15255.0	0.788096
15260.0	0.800135
15265.0	0.792151
15270.0	0.796722
15275.0	0.787623
15280.0	0.796376
15285.0	0.79972
15290.0	0.800197
15295.0	0.796632
15300.0	0.793781
15305.0	0.792378
15310.0	0.797811
15315.0	0.799198
15320.0	0.798944
15325.0	0.789484
15330.0	0.797023
15335.0	0.789769
15340.0	0.771707
15345.0	0.780854
15350.0	0.791813
15355.0	0.798292
15360.0	0.792438
15365.0	0.798085
15370.0	0.793711
15375.0	0.795534
15380.0	0.797602
15385.0	0.792621
15390.0	0.786119
15395.0	0.7844
15400.0	0.785751
15405.0	0.793538
15410.0	0.787297
15415.0	0.789761
15420.0	0.77771
15425.0	0.793163
15430.0	0.781561
15435.0	0.78841
15440.0	0.774883
15445.0	0.784256
15450.0	0.791344
15455.0	0.785669
15460.0	0.789179
15465.0	0.788897
15470.0	0.791955
15475.0	0.790197
15480.0	0.79105
15485.0	0.793469
15490.0	0.791467
15495.0	0.794009
15500.0	0.793645
15505.0	0.792802
15510.0	0.793116
15515.0	0.792629
15520.0	0.79351
15525.0	0.792609
15530.0	0.793673
15535.0	0.792646
15540.0	0.791639
15545.0	0.792669
15550.0	0.792779
15555.0	0.79277
15560.0	0.791475
15565.0	0.792371
15570.0	0.792272
15575.0	0.79176
15580.0	0.791412
15585.0	0.791545
15590.0	0.791623
15595.0	0.79124
15600.0	0.790287
15605.0	0.79104
15610.0	0.790811
15615.0	0.790413
15620.0	0.790371
15625.0	0.790138
15630.0	0.790205
15635.0	0.789987
15640.0	0.789669
15645.0	0.78921
15650.0	0.789481
15655.0	0.789326
15660.0	0.789019
15665.0	0.788606
15670.0	0.78873
15675.0	0.788985
15680.0	0.788608
15685.0	0.787998
15690.0	0.786582
15695.0	0.787764
15700.0	0.7872
15705.0	0.787808
15710.0	0.787539
15715.0	0.786129
15720.0	0.786495
15725.0	0.786587
15730.0	0.786371
15735.0	0.786923
15740.0	0.78457
15745.0	0.786571
15750.0	0.783997
15755.0	0.785976
15760.0	0.785841
15765.0	0.783383
15770.0	0.785512
15775.0	0.78536
15780.0	0.784579
15785.0	0.784224
15790.0	0.783457
15795.0	0.782763
15800.0	0.784123
15805.0	0.783429
15810.0	0.780196
15815.0	0.783226
15820.0	0.778104
15825.0	0.781133
15830.0	0.778418
15835.0	0.780198
15840.0	0.779259
15845.0	0.778412
15850.0	0.777085
15855.0	0.776932
15860.0	0.775201
15865.0	0.775735
15870.0	0.772522
15875.0	0.772392
15880.0	0.762655
15885.0	0.770366
15890.0	0.773174
15895.0	0.767946
15900.0	0.776311
15905.0	0.777617
15910.0	0.767998
15915.0	0.761134
15920.0	0.743026
15925.0	0.727012
15930.0	0.778716
15935.0	0.780213
15940.0	0.777864
15945.0	0.779476
15950.0	0.778071
15955.0	0.779397
15960.0	0.778901
15965.0	0.778273
15970.0	0.779345
15975.0	0.778918
15980.0	0.77888
15985.0	0.778912
15990.0	0.778747
15995.0	0.778424
16000.0	0.778415
16005.0	0.778123
16010.0	0.778119
16015.0	0.777972
16020.0	0.777811
16025.0	0.777676
16030.0	0.777524
16035.0	0.77736
16040.0	0.77722
16045.0	0.777072
16050.0	0.77692
16055.0	0.776789
16060.0	0.776618
16065.0	0.776477
16070.0	0.776343
16075.0	0.77619
16080.0	0.776041
16085.0	0.775867
16090.0	0.775722
16095.0	0.775549
16100.0	0.775375
16105.0	0.775222
16110.0	0.775047
16115.0	0.774909
16120.0	0.774744
16125.0	0.774617
16130.0	0.774476
16135.0	0.774324
16140.0	0.774166
16145.0	0.774013
16150.0	0.77388
16155.0	0.773713
16160.0	0.773554
16165.0	0.773394
16170.0	0.773224
16175.0	0.773048
16180.0	0.772871
16185.0	0.772685
16190.0	0.772512
16195.0	0.772354
16200.0	0.772172
16205.0	0.771998
16210.0	0.771817
16215.0	0.771625
16220.0	0.771473
16225.0	0.771306
16230.0	0.771143
16235.0	0.770972
16240.0	0.770797
16245.0	0.77063
16250.0	0.770457
16255.0	0.770294
16260.0	0.77011
16265.0	0.769939
16270.0	0.769749
16275.0	0.769552
16280.0	0.769369
16285.0	0.769201
16290.0	0.768993
16295.0	0.76882
16300.0	0.768639
16305.0	0.768451
16310.0	0.768255
16315.0	0.76803
16320.0	0.767782
16325.0	0.767604
16330.0	0.767463
16335.0	0.767255
16340.0	0.767104
16345.0	0.766916
16350.0	0.766728
16355.0	0.766538
16360.0	0.766366
16365.0	0.766188
16370.0	0.766001
16375.0	0.765826
16380.0	0.765642
16385.0	0.765435
16390.0	0.765242
16395.0	0.765041
16400.0	0.764849
16405.0	0.764649
16410.0	0.764465
16415.0	0.764254
16420.0	0.764049
16425.0	0.763867
16430.0	0.763676
16435.0	0.763482
16440.0	0.763286
16445.0	0.76309
16450.0	0.762901
16455.0	0.762718
16460.0	0.762561
16465.0	0.762376
16470.0	0.762199
16475.0	0.762001
16480.0	0.761819
16485.0	0.761647
16490.0	0.761479
16495.0	0.761294
16500.0	0.761122
16505.0	0.760936
16510.0	0.760774
16515.0	0.760616
16520.0	0.760454
16525.0	0.760291
16530.0	0.760151
16535.0	0.760017
16540.0	0.759873
16545.0	0.759724
16550.0	0.759354
16555.0	0.759434
16560.0	0.759197
16565.0	0.759032
16570.0	0.759022
16575.0	0.758617
16580.0	0.758698
16585.0	0.758326
16590.0	0.758257
16595.0	0.758057
16600.0	0.758157
16605.0	0.758027
16610.0	0.757594
16615.0	0.757896
16620.0	0.755704
16625.0	0.757506
16630.0	0.757005
16635.0	0.756856
16640.0	0.756972
16645.0	0.756819
16650.0	0.755716
16655.0	0.755763
16660.0	0.756069
16665.0	0.754369
16670.0	0.754872
16675.0	0.755035
16680.0	0.755613
16685.0	0.75422
16690.0	0.750414
16695.0	0.754003
16700.0	0.754708
16705.0	0.752835
16710.0	0.755387
16715.0	0.752829
16720.0	0.755669
16725.0	0.745909
16730.0	0.749096
16735.0	0.755828
16740.0	0.750926
16745.0	0.753044
16750.0	0.742153
16755.0	0.747581
16760.0	0.7552
16765.0	0.753803
16770.0	0.754413
16775.0	0.753079
16780.0	0.742966
16785.0	0.751704
16790.0	0.75156
16795.0	0.75572
16800.0	0.748257
16805.0	0.7397
16810.0	0.742934
16815.0	0.735171
16820.0	0.751348
16825.0	0.718635
16830.0	0.748569
16835.0	0.752225
16840.0	0.752161
16845.0	0.753521
16850.0	0.749035
16855.0	0.745029
16860.0	0.753247
16865.0	0.750251
16870.0	0.754523
16875.0	0.730064
16880.0	0.746384
16885.0	0.749022
16890.0	0.721904
16895.0	0.750308
16900.0	0.744264
16905.0	0.745944
16910.0	0.750494
16915.0	0.742363
16920.0	0.743814
16925.0	0.750021
16930.0	0.749943
16935.0	0.748305
16940.0	0.735696
16945.0	0.732926
16950.0	0.739428
16955.0	0.744349
16960.0	0.748392
16965.0	0.740603
16970.0	0.740193
16975.0	0.736525
16980.0	0.739642
16985.0	0.739693
16990.0	0.74623
16995.0	0.746411
17000.0	0.748019
17005.0	0.749451
17010.0	0.751405
17015.0	0.748856
17020.0	0.752752
17025.0	0.752406
17030.0	0.750975
17035.0	0.753258
17040.0	0.7527
17045.0	0.751667
17050.0	0.75333
17055.0	0.752204
17060.0	0.752317
17065.0	0.752752
17070.0	0.753207
17075.0	0.752581
17080.0	0.753037
17085.0	0.751853
17090.0	0.752742
17095.0	0.752337
17100.0	0.752131
17105.0	0.752421
17110.0	0.7519
17115.0	0.752056
17120.0	0.751993
17125.0	0.751704
17130.0	0.751818
17135.0	0.75142
17140.0	0.751464
17145.0	0.751441
17150.0	0.75121
17155.0	0.750838
17160.0	0.751147
17165.0	0.750908
17170.0	0.750497
17175.0	0.750608
17180.0	0.750486
17185.0	0.750294
17190.0	0.750165
17195.0	0.749909
17200.0	0.749999
17205.0	0.749853
17210.0	0.749673
17215.0	0.749471
17220.0	0.74892
17225.0	0.749104
17230.0	0.748971
17235.0	0.748749
17240.0	0.748597
17245.0	0.748316
17250.0	0.748351
17255.0	0.74794
17260.0	0.747982
17265.0	0.74782
17270.0	0.74758
17275.0	0.74744
17280.0	0.747302
17285.0	0.747176
17290.0	0.746697
17295.0	0.746983
17300.0	0.746807
17305.0	0.746589
17310.0	0.746117
17315.0	0.745701
17320.0	0.744915
17325.0	0.745863
17330.0	0.745462
17335.0	0.745168
17340.0	0.74585
17345.0	0.74471
17350.0	0.744559
17355.0	0.745061
17360.0	0.74421
17365.0	0.744716
17370.0	0.744353
17375.0	0.743306
17380.0	0.74334
17385.0	0.744283
17390.0	0.744363
17395.0	0.743302
17400.0	0.740225
17405.0	0.743508
17410.0	0.74214
17415.0	0.743687
17420.0	0.743081
17425.0	0.740794
17430.0	0.742587
17435.0	0.743127
17440.0	0.74245
17445.0	0.742914
17450.0	0.739279
17455.0	0.741007
17460.0	0.742847
17465.0	0.741636
17470.0	0.740513
17475.0	0.741451
17480.0	0.739065
17485.0	0.740188
17490.0	0.742291
17495.0	0.741286
17500.0	0.742153
17505.0	0.740829
17510.0	0.742114
17515.0	0.74184
17520.0	0.741289
17525.0	0.741319
17530.0	0.741153
17535.0	0.739171
17540.0	0.739053
17545.0	0.737874
17550.0	0.740033
17555.0	0.741193
17560.0	0.736813
17565.0	0.741491
17570.0	0.736535
17575.0	0.740021
17580.0	0.7379
17585.0	0.739286
17590.0	0.738543
17595.0	0.73968
17600.0	0.740144
17605.0	0.741128
17610.0	0.740534
17615.0	0.740794
17620.0	0.740338
17625.0	0.740851
17630.0	0.740852
17635.0	0.740923
17640.0	0.740703
17645.0	0.740563
17650.0	0.740825
17655.0	0.7406
17660.0	0.740654
17665.0	0.740608
17670.0	0.740528
17675.0	0.740466
17680.0	0.740305
17685.0	0.740302
17690.0	0.740209
17695.0	0.740115
17700.0	0.740136
17705.0	0.740066
17710.0	0.739971
17715.0	0.739911
17720.0	0.739847
17725.0	0.739843
17730.0	0.739793
17735.0	0.739811
17740.0	0.739691
17745.0	0.739693
17750.0	0.739614
17755.0	0.739719
17760.0	0.739705
17765.0	0.739603
17770.0	0.73966
17775.0	0.739629
17780.0	0.739631
17785.0	0.739628
17790.0	0.739605
17795.0	0.739575
17800.0	0.739551
17805.0	0.739524
17810.0	0.739512
17815.0	0.739506
17820.0	0.739466
17825.0	0.73944
17830.0	0.73946
17835.0	0.739431
17840.0	0.739422
17845.0	0.739392
17850.0	0.739387
17855.0	0.739374
17860.0	0.739365
17865.0	0.739361
17870.0	0.739302
17875.0	0.739272
17880.0	0.739268
17885.0	0.739248
17890.0	0.739202
17895.0	0.739162
17900.0	0.739124
17905.0	0.7391
17910.0	0.739052
17915.0	0.739007
17920.0	0.73898
17925.0	0.738964
17930.0	0.738934
17935.0	0.738905
17940.0	0.738857
17945.0	0.738826
17950.0	0.738781
17955.0	0.738734
17960.0	0.738699
17965.0	0.738633
17970.0	0.73859
17975.0	0.73855
17980.0	0.738519
17985.0	0.738486
17990.0	0.738415
17995.0	0.738364
18000.0	0.738283
18005.0	0.73821
18010.0	0.73815
18015.0	0.738099
18020.0	0.73804
18025.0	0.737957
18030.0	0.737872
18035.0	0.73778
18040.0	0.737705
18045.0	0.737626
18050.0	0.737564
18055.0	0.737472
18060.0	0.737422
18065.0	0.73734
18070.0	0.737228
18075.0	0.737095
18080.0	0.737022
18085.0	0.736946
18090.0	0.736953
18095.0	0.73678
18100.0	0.736764
18105.0	0.736654
18110.0	0.736682
18115.0	0.736651
18120.0	0.73656
18125.0	0.736341
18130.0	0.736309
18135.0	0.73633
18140.0	0.736148
18145.0	0.735985
18150.0	0.735885
18155.0	0.735894
18160.0	0.735799
18165.0	0.735681
18170.0	0.735453
18175.0	0.735528
18180.0	0.735235
18185.0	0.735145
18190.0	0.735068
18195.0	0.734863
18200.0	0.735003
18205.0	0.734766
18210.0	0.734694
18215.0	0.734753
18220.0	0.734164
18225.0	0.734558
18230.0	0.734346
18235.0	0.734368
18240.0	0.73393
18245.0	0.734144
18250.0	0.733508
18255.0	0.733717
18260.0	0.734126
18265.0	0.733397
18270.0	0.733951
18275.0	0.732783
18280.0	0.733795
18285.0	0.73277
18290.0	0.733232
18295.0	0.733023
18300.0	0.731574
18305.0	0.73265
18310.0	0.731856
18315.0	0.732574
18320.0	0.731376
18325.0	0.732127
18330.0	0.732955
18335.0	0.73245
18340.0	0.73267
18345.0	0.73145
18350.0	0.731759
18355.0	0.732231
18360.0	0.732456
18365.0	0.731789
18370.0	0.731938
18375.0	0.732215
18380.0	0.731837
18385.0	0.73131
18390.0	0.730719
18395.0	0.731103
18400.0	0.73172
18405.0	0.731642
18410.0	0.731704
18415.0	0.7313
18420.0	0.731561
18425.0	0.731702
18430.0	0.731521
18435.0	0.730461
18440.0	0.731246
18445.0	0.729799
18450.0	0.730976
18455.0	0.730995
18460.0	0.730932
18465.0	0.729394
18470.0	0.729772
18475.0	0.731266
18480.0	0.72949
18485.0	0.729944
18490.0	0.730319
18495.0	0.730846
18500.0	0.731152
18505.0	0.730373
18510.0	0.731
18515.0	0.731003
18520.0	0.730186
18525.0	0.730523
18530.0	0.730715
18535.0	0.730821
18540.0	0.730565
18545.0	0.730415
18550.0	0.730456
18555.0	0.73036
18560.0	0.73015
18565.0	0.730332
18570.0	0.730134
18575.0	0.730129
18580.0	0.730026
18585.0	0.73006
18590.0	0.730025
18595.0	0.729865
18600.0	0.729897
18605.0	0.729807
18610.0	0.729705
18615.0	0.729611
18620.0	0.729532
18625.0	0.729437
18630.0	0.729319
18635.0	0.729197
18640.0	0.729072
18645.0	0.728987
18650.0	0.728821
18655.0	0.728781
18660.0	0.728698
18665.0	0.728585
18670.0	0.728475
18675.0	0.728347
18680.0	0.728227
18685.0	0.728113
18690.0	0.72797
18695.0	0.727818
18700.0	0.727714
18705.0	0.727609
18710.0	0.727465
18715.0	0.727362
18720.0	0.727273
18725.0	0.727138
18730.0	0.727058
18735.0	0.726961
18740.0	0.72685
18745.0	0.726746
18750.0	0.726615
18755.0	0.726502
18760.0	0.726433
18765.0	0.726342
18770.0	0.72623
18775.0	0.726135
18780.0	0.726003
18785.0	0.725972
18790.0	0.725905
18795.0	0.725844
18800.0	0.725771
18805.0	0.725716
18810.0	0.725637
18815.0	0.725588
18820.0	0.725544
18825.0	0.725415
18830.0	0.725357
18835.0	0.725351
18840.0	0.725196
18845.0	0.725144
18850.0	0.725089
18855.0	0.725119
18860.0	0.725025
18865.0	0.725004
18870.0	0.724895
18875.0	0.724845
18880.0	0.72486
18885.0	0.724757
18890.0	0.724785
18895.0	0.724566
18900.0	0.724682
18905.0	0.724471
18910.0	0.72459
18915.0	0.724525
18920.0	0.72427
18925.0	0.724442
18930.0	0.724386
18935.0	0.724348
18940.0	0.724224
18945.0	0.724159
18950.0	0.724262
18955.0	0.724235
18960.0	0.72421
18965.0	0.723994
18970.0	0.724002
18975.0	0.723871
18980.0	0.72376
18985.0	0.723671
18990.0	0.723801
18995.0	0.723806
19000.0	0.723728
19005.0	0.723792
19010.0	0.723797
19015.0	0.723724
19020.0	0.723613
19025.0	0.723578
19030.0	0.723392
19035.0	0.723386
19040.0	0.723356
19045.0	0.72364
19050.0	0.723515
19055.0	0.723498
19060.0	0.723361
19065.0	0.723435
19070.0	0.723453
19075.0	0.723408
19080.0	0.723114
19085.0	0.723484
19090.0	0.723436
19095.0	0.723414
19100.0	0.723437
19105.0	0.723295
19110.0	0.72327
19115.0	0.723203
19120.0	0.723201
19125.0	0.723155
19130.0	0.723099
19135.0	0.723079
19140.0	0.723054
19145.0	0.722998
19150.0	0.722927
19155.0	0.722856
19160.0	0.722827
19165.0	0.722755
19170.0	0.722667
19175.0	0.722629
19180.0	0.722574
19185.0	0.722446
19190.0	0.722369
19195.0	0.722294
19200.0	0.722222
19205.0	0.722146
19210.0	0.722037
19215.0	0.721923
19220.0	0.721851
19225.0	0.721815
19230.0	0.721763
19235.0	0.721643
19240.0	0.721576
19245.0	0.721481
19250.0	0.721415
19255.0	0.721372
19260.0	0.721308
19265.0	0.721204
19270.0	0.721037
19275.0	0.720924
19280.0	0.720857
19285.0	0.720751
19290.0	0.720725
19295.0	0.720703
19300.0	0.720671
19305.0	0.720596
19310.0	0.720534
19315.0	0.720526
19320.0	0.720437
19325.0	0.720325
19330.0	0.720238
19335.0	0.72019
19340.0	0.720108
19345.0	0.719986
19350.0	0.719893
19355.0	0.719762
19360.0	0.719649
19365.0	0.719574
19370.0	0.719512
19375.0	0.719387
19380.0	0.719288
19385.0	0.719198
19390.0	0.719126
19395.0	0.719061
19400.0	0.718959
19405.0	0.718855
19410.0	0.718757
19415.0	0.71865
19420.0	0.718534
19425.0	0.718453
19430.0	0.718355
19435.0	0.718254
19440.0	0.718177
19445.0	0.718136
19450.0	0.718017
19455.0	0.717898
19460.0	0.717786
19465.0	0.717704
19470.0	0.717623
19475.0	0.717532
19480.0	0.717436
19485.0	0.717312
19490.0	0.716892
19495.0	0.717107
19500.0	0.716681
19505.0	0.716734
19510.0	0.716674
19515.0	0.716486
19520.0	0.71656
19525.0	0.716244
19530.0	0.716364
19535.0	0.71636
19540.0	0.716093
19545.0	0.715976
19550.0	0.715914
19555.0	0.715504
19560.0	0.715438
19565.0	0.715308
19570.0	0.715556
19575.0	0.715098
19580.0	0.71532
19585.0	0.714861
19590.0	0.714795
19595.0	0.713807
19600.0	0.714577
19605.0	0.714241
19610.0	0.714339
19615.0	0.713976
19620.0	0.713856
19625.0	0.712714
19630.0	0.712801
19635.0	0.713653
19640.0	0.713829
19645.0	0.71356
19650.0	0.71313
19655.0	0.711356
19660.0	0.712798
19665.0	0.711665
19670.0	0.712679
19675.0	0.712747
19680.0	0.711595
19685.0	0.710265
19690.0	0.7117
19695.0	0.709418
19700.0	0.712244
19705.0	0.709218
19710.0	0.711692
19715.0	0.71123
19720.0	0.710421
19725.0	0.710599
19730.0	0.708125
19735.0	0.70939
19740.0	0.711172
19745.0	0.711104
19750.0	0.710721
19755.0	0.708365
19760.0	0.709964
19765.0	0.706836
19770.0	0.708137
19775.0	0.710133
19780.0	0.709373
19785.0	0.708977
19790.0	0.709744
19795.0	0.708829
19800.0	0.708928
19805.0	0.708164
19810.0	0.70921
19815.0	0.708643
19820.0	0.706932
19825.0	0.704342
19830.0	0.706985
19835.0	0.707482
19840.0	0.706998
19845.0	0.703183
19850.0	0.707868
19855.0	0.703293
19860.0	0.707298
19865.0	0.707992
19870.0	0.708017
19875.0	0.707556
19880.0	0.706018
19885.0	0.708326
19890.0	0.707309
19895.0	0.70768
19900.0	0.708144
19905.0	0.708196
19910.0	0.708206
19915.0	0.707476
19920.0	0.707005
19925.0	0.707791
19930.0	0.70782
19935.0	0.707919
19940.0	0.707992
19945.0	0.707837
19950.0	0.708028
19955.0	0.707821
19960.0	0.707704
19965.0	0.707865
19970.0	0.7079
19975.0	0.707765
19980.0	0.707822
19985.0	0.707661
19990.0	0.707594
19995.0	0.707591
20000.0	0.707652
20005.0	0.707515
20010.0	0.707567
20015.0	0.707499
20020.0	0.707439
20025.0	0.707366
20030.0	0.707272
20035.0	0.707216
20040.0	0.707157
20045.0	0.707065
20050.0	0.707008
20055.0	0.706939
20060.0	0.706862
20065.0	0.706823
20070.0	0.706733
20075.0	0.706574
20080.0	0.706488
20085.0	0.706395
20090.0	0.70624
20095.0	0.706135
20100.0	0.706011
20105.0	0.705879
20110.0	0.705714
20115.0	0.705617
20120.0	0.705497
20125.0	0.705393
20130.0	0.705328
20135.0	0.705238
20140.0	0.705196
20145.0	0.705126
20150.0	0.705039
20155.0	0.704938
20160.0	0.70485
20165.0	0.704769
20170.0	0.704659
20175.0	0.704557
20180.0	0.704507
20185.0	0.704469
20190.0	0.704359
20195.0	0.704245
20200.0	0.704109
20205.0	0.703976
20210.0	0.703793
20215.0	0.70368
20220.0	0.703601
20225.0	0.7035
20230.0	0.703424
20235.0	0.70336
20240.0	0.703264
20245.0	0.703193
20250.0	0.703123
20255.0	0.70303
20260.0	0.702908
20265.0	0.702812
20270.0	0.702752
20275.0	0.702702
20280.0	0.702653
20285.0	0.702572
20290.0	0.702429
20295.0	0.702266
20300.0	0.70214
20305.0	0.70201
20310.0	0.701933
20315.0	0.701863
20320.0	0.701799
20325.0	0.701718
20330.0	0.701523
20335.0	0.701494
20340.0	0.701372
20345.0	0.701257
20350.0	0.701062
20355.0	0.70105
20360.0	0.700948
20365.0	0.700812
20370.0	0.700678
20375.0	0.700492
20380.0	0.700335
20385.0	0.700109
20390.0	0.699941
20395.0	0.699772
20400.0	0.699749
20405.0	0.699639
20410.0	0.699444
20415.0	0.699293
20420.0	0.699183
20425.0	0.698982
20430.0	0.698779
20435.0	0.698667
20440.0	0.698534
20445.0	0.698468
20450.0	0.698323
20455.0	0.697969
20460.0	0.697925
20465.0	0.697915
20470.0	0.697991
20475.0	0.698224
20480.0	0.698223
20485.0	0.698029
20490.0	0.698117
20495.0	0.697858
20500.0	0.697913
20505.0	0.697829
20510.0	0.697628
20515.0	0.697449
20520.0	0.697307
20525.0	0.697092
20530.0	0.697213
20535.0	0.696966
20540.0	0.696902
20545.0	0.696689
20550.0	0.696487
20555.0	0.696402
20560.0	0.696274
20565.0	0.696093
20570.0	0.696016
20575.0	0.695898
20580.0	0.695688
20585.0	0.69529
20590.0	0.695348
20595.0	0.69536
20600.0	0.695145
20605.0	0.69498
20610.0	0.69489
20615.0	0.694732
20620.0	0.694554
20625.0	0.694495
20630.0	0.694331
20635.0	0.69431
20640.0	0.694078
20645.0	0.694046
20650.0	0.693941
20655.0	0.693807
20660.0	0.693681
20665.0	0.693584
20670.0	0.693453
20675.0	0.69331
20680.0	0.693178
20685.0	0.692993
20690.0	0.692808
20695.0	0.692645
20700.0	0.692484
20705.0	0.69232
20710.0	0.692215
20715.0	0.69208
20720.0	0.691932
20725.0	0.691765
20730.0	0.691602
20735.0	0.691439
20740.0	0.691285
20745.0	0.691119
20750.0	0.690967
20755.0	0.690794
20760.0	0.69074
20765.0	0.690655
20770.0	0.690598
20775.0	0.690494
20780.0	0.690379
20785.0	0.690291
20790.0	0.69023
20795.0	0.690152
20800.0	0.690023
20805.0	0.689904
20810.0	0.689783
20815.0	0.689685
20820.0	0.689585
20825.0	0.689486
20830.0	0.689348
20835.0	0.689159
20840.0	0.689005
20845.0	0.688864
20850.0	0.688794
20855.0	0.688724
20860.0	0.68866
20865.0	0.68869
20870.0	0.688693
20875.0	0.688699
20880.0	0.688664
20885.0	0.688619
20890.0	0.688542
20895.0	0.688387
20900.0	0.688259
20905.0	0.688247
20910.0	0.68813
20915.0	0.688014
20920.0	0.687952
20925.0	0.687891
20930.0	0.687771
20935.0	0.687698
20940.0	0.687632
20945.0	0.687533
20950.0	0.687405
20955.0	0.687339
20960.0	0.687177
20965.0	0.687155
20970.0	0.687029
20975.0	0.686876
20980.0	0.686754
20985.0	0.686678
20990.0	0.686537
20995.0	0.686451
21000.0	0.68635
21005.0	0.686242
21010.0	0.686145
21015.0	0.686087
21020.0	0.685966
21025.0	0.685808
21030.0	0.685646
21035.0	0.685501
21040.0	0.685336
21045.0	0.685198
21050.0	0.6851
21055.0	0.684959
21060.0	0.684799
21065.0	0.684637
21070.0	0.684449
21075.0	0.684438
21080.0	0.684292
21085.0	0.684128
21090.0	0.683992
21095.0	0.68424
21100.0	0.684249
21105.0	0.68407
21110.0	0.684083
21115.0	0.684027
21120.0	0.683798
21125.0	0.683538
21130.0	0.683628
21135.0	0.683556
21140.0	0.683319
21145.0	0.683257
21150.0	0.682882
21155.0	0.682963
21160.0	0.682853
21165.0	0.682732
21170.0	0.682344
21175.0	0.682289
21180.0	0.682177
21185.0	0.6823
21190.0	0.682195
21195.0	0.682048
21200.0	0.681834
21205.0	0.681829
21210.0	0.681608
21215.0	0.681458
21220.0	0.681202
21225.0	0.681233
21230.0	0.68104
21235.0	0.680846
21240.0	0.68079
21245.0	0.680651
21250.0	0.680569
21255.0	0.680426
21260.0	0.680138
21265.0	0.680142
21270.0	0.679801
21275.0	0.679879
21280.0	0.679882
21285.0	0.679424
21290.0	0.679414
21295.0	0.679185
21300.0	0.679369
21305.0	0.679108
21310.0	0.679017
21315.0	0.678852
21320.0	0.678887
21325.0	0.678704
21330.0	0.67841
21335.0	0.678141
21340.0	0.678134
21345.0	0.677953
21350.0	0.677897
21355.0	0.677823
21360.0	0.67771
21365.0	0.677545
21370.0	0.677468
21375.0	0.677288
21380.0	0.677069
21385.0	0.676917
21390.0	0.676723
21395.0	0.676737
21400.0	0.676663
21405.0	0.676728
21410.0	0.676699
21415.0	0.676629
21420.0	0.676601
21425.0	0.676555
21430.0	0.676426
21435.0	0.676332
21440.0	0.676209
21445.0	0.676056
21450.0	0.675944
21455.0	0.67578
21460.0	0.675583
21465.0	0.675359
21470.0	0.675178
21475.0	0.674984
21480.0	0.6748
21485.0	0.674633
21490.0	0.674464
21495.0	0.674273
21500.0	0.674066
21505.0	0.673893
21510.0	0.673832
21515.0	0.673625
21520.0	0.673416
21525.0	0.673287
21530.0	0.673091
21535.0	0.67285
21540.0	0.67258
21545.0	0.672378
21550.0	0.672196
21555.0	0.672072
21560.0	0.671983
21565.0	0.671721
21570.0	0.671561
21575.0	0.671588
21580.0	0.671715
21585.0	0.671674
21590.0	0.671645
21595.0	0.671556
21600.0	0.671442
21605.0	0.67131
21610.0	0.671173
21615.0	0.671075
21620.0	0.670943
21625.0	0.670794
21630.0	0.670609
21635.0	0.670424
21640.0	0.670245
21645.0	0.670079
21650.0	0.669873
21655.0	0.66976
21660.0	0.669684
21665.0	0.669446
21670.0	0.669284
21675.0	0.669157
21680.0	0.668927
21685.0	0.668717
21690.0	0.668691
21695.0	0.668638
21700.0	0.66854
21705.0	0.668498
21710.0	0.668378
21715.0	0.668345
21720.0	0.66823
21725.0	0.668085
21730.0	0.66798
21735.0	0.66782
21740.0	0.667738
21745.0	0.667694
21750.0	0.667575
21755.0	0.667543
21760.0	0.667402
21765.0	0.66716
21770.0	0.666946
21775.0	0.666787
21780.0	0.666606
21785.0	0.666438
21790.0	0.666361
21795.0	0.666307
21800.0	0.666122
21805.0	0.665862
21810.0	0.665754
21815.0	0.665671
21820.0	0.66562
21825.0	0.665513
21830.0	0.665377
21835.0	0.665322
21840.0	0.66532
21845.0	0.665334
21850.0	0.665313
21855.0	0.665251
21860.0	0.665187
21865.0	0.665115
21870.0	0.665012
21875.0	0.664881
21880.0	0.664672
21885.0	0.664455
21890.0	0.664313
21895.0	0.664123
21900.0	0.663941
21905.0	0.663823
21910.0	0.663687
21915.0	0.663643
21920.0	0.663566
21925.0	0.663451
21930.0	0.663264
21935.0	0.663118
21940.0	0.662977
21945.0	0.662792
21950.0	0.662631
21955.0	0.662547
21960.0	0.662378
21965.0	0.662205
21970.0	0.662069
21975.0	0.662018
21980.0	0.662065
21985.0	0.662006
21990.0	0.661902
21995.0	0.661767
22000.0	0.661641
22005.0	0.661465
22010.0	0.661324
22015.0	0.66115
22020.0	0.660912
22025.0	0.660698
22030.0	0.660528
22035.0	0.660357
22040.0	0.660263
22045.0	0.660191
22050.0	0.660103
22055.0	0.65994
22060.0	0.659728
22065.0	0.65951
22070.0	0.659364
22075.0	0.65923
22080.0	0.65915
22085.0	0.659062
22090.0	0.658904
22095.0	0.658739
22100.0	0.658535
22105.0	0.658447
22110.0	0.658355
22115.0	0.658255
22120.0	0.658222
22125.0	0.658101
22130.0	0.657914
22135.0	0.657739
22140.0	0.657599
22145.0	0.657443
22150.0	0.657297
22155.0	0.657163
22160.0	0.656967
22165.0	0.656804
22170.0	0.656715
22175.0	0.656576
22180.0	0.656429
22185.0	0.656312
22190.0	0.656254
22195.0	0.6562
22200.0	0.656117
22205.0	0.655996
22210.0	0.655855
22215.0	0.655683
22220.0	0.655483
22225.0	0.655362
22230.0	0.655162
22235.0	0.654957
22240.0	0.654801
22245.0	0.654669
22250.0	0.654493
22255.0	0.654259
22260.0	0.654039
22265.0	0.653951
22270.0	0.653838
22275.0	0.653525
22280.0	0.65322
22285.0	0.652853
22290.0	0.652599
22295.0	0.652458
22300.0	0.652317
22305.0	0.652141
22310.0	0.652209
22315.0	0.652258
22320.0	0.652199
22325.0	0.652237
22330.0	0.652161
22335.0	0.65223
22340.0	0.652073
22345.0	0.652091
22350.0	0.651989
22355.0	0.65184
22360.0	0.651781
22365.0	0.651369
22370.0	0.651412
22375.0	0.651378
22380.0	0.651154
22385.0	0.651056
22390.0	0.650865
22395.0	0.650169
22400.0	0.650023
22405.0	0.650178
22410.0	0.650116
22415.0	0.649973
22420.0	0.649751
22425.0	0.64875
22430.0	0.649283
22435.0	0.649072
22440.0	0.648407
22445.0	0.648769
22450.0	0.648554
22455.0	0.647635
22460.0	0.648079
22465.0	0.647812
22470.0	0.647351
22475.0	0.647345
22480.0	0.646784
22485.0	0.647695
22490.0	0.64752
22495.0	0.647466
22500.0	0.647424
22505.0	0.646811
22510.0	0.646852
22515.0	0.647205
22520.0	0.64677
22525.0	0.646911
22530.0	0.646394
22535.0	0.646632
22540.0	0.646498
22545.0	0.646306
22550.0	0.646312
22555.0	0.646173
22560.0	0.64591
22565.0	0.645562
22570.0	0.644825
22575.0	0.64504
22580.0	0.645073
22585.0	0.644062
22590.0	0.644348
22595.0	0.644929
22600.0	0.64504
22605.0	0.644693
22610.0	0.644433
22615.0	0.644723
22620.0	0.644626
22625.0	0.644476
22630.0	0.644066
22635.0	0.643908
22640.0	0.644001
22645.0	0.643612
22650.0	0.643673
22655.0	0.643338
22660.0	0.643256
22665.0	0.643113
22670.0	0.642972
22675.0	0.642863
22680.0	0.642729
22685.0	0.642549
22690.0	0.642443
22695.0	0.642288
22700.0	0.642047
22705.0	0.641792
22710.0	0.641484
22715.0	0.641255
22720.0	0.641094
22725.0	0.640971
22730.0	0.640786
22735.0	0.640694
22740.0	0.6405
22745.0	0.640221
22750.0	0.640036
22755.0	0.639773
22760.0	0.639605
22765.0	0.639563
22770.0	0.639574
22775.0	0.639308
22780.0	0.639136
22785.0	0.639169
22790.0	0.639092
22795.0	0.639056
22800.0	0.639047
22805.0	0.639156
22810.0	0.639182
22815.0	0.639117
22820.0	0.639019
22825.0	0.63891
22830.0	0.638776
22835.0	0.63861
22840.0	0.638444
22845.0	0.638303
22850.0	0.638161
22855.0	0.638022
22860.0	0.637849
22865.0	0.637679
22870.0	0.63753
22875.0	0.637361
22880.0	0.637187
22885.0	0.636957
22890.0	0.636744
22895.0	0.636541
22900.0	0.636362
22905.0	0.636234
22910.0	0.636029
22915.0	0.635854
22920.0	0.635702
22925.0	0.635519
22930.0	0.635314
22935.0	0.635204
22940.0	0.635054
22945.0	0.634819
22950.0	0.634632
22955.0	0.634496
22960.0	0.634358
22965.0	0.634192
22970.0	0.633945
22975.0	0.633602
22980.0	0.633415
22985.0	0.633287
22990.0	0.633027
22995.0	0.63304
23000.0	0.632906
23005.0	0.632956
23010.0	0.632991
23015.0	0.632951
23020.0	0.632824
23025.0	0.632691
23030.0	0.632562
23035.0	0.632379
23040.0	0.632149
23045.0	0.631927
23050.0	0.631797
23055.0	0.631665
23060.0	0.631518
23065.0	0.631446
23070.0	0.631301
23075.0	0.631175
23080.0	0.631094
23085.0	0.631015
23090.0	0.630892
23095.0	0.630775
23100.0	0.630672
23105.0	0.630606
23110.0	0.63051
23115.0	0.630368
23120.0	0.630297
23125.0	0.630151
23130.0	0.629952
23135.0	0.62976
23140.0	0.629614
23145.0	0.629453
23150.0	0.629255
23155.0	0.62904
23160.0	0.628827
23165.0	0.628672
23170.0	0.628462
23175.0	0.62826
23180.0	0.6281
23185.0	0.627928
23190.0	0.627772
23195.0	0.62762
23200.0	0.62752
23205.0	0.627271
23210.0	0.627054
23215.0	0.626926
23220.0	0.626835
23225.0	0.626735
23230.0	0.626559
23235.0	0.626416
23240.0	0.626323
23245.0	0.626344
23250.0	0.626268
23255.0	0.626157
23260.0	0.626129
23265.0	0.626064
23270.0	0.625956
23275.0	0.62583
23280.0	0.625669
23285.0	0.625513
23290.0	0.625361
23295.0	0.625179
23300.0	0.624981
23305.0	0.624825
23310.0	0.624654
23315.0	0.624419
23320.0	0.624196
23325.0	0.624016
23330.0	0.623879
23335.0	0.623738
23340.0	0.623523
23345.0	0.623259
23350.0	0.62306
23355.0	0.622911
23360.0	0.622742
23365.0	0.622499
23370.0	0.622345
23375.0	0.622276
23380.0	0.622095
23385.0	0.621956
23390.0	0.621899
23395.0	0.621716
23400.0	0.621481
23405.0	0.62135
23410.0	0.621265
23415.0	0.62125
23420.0	0.621084
23425.0	0.62097
23430.0	0.620951
23435.0	0.620924
23440.0	0.620855
23445.0	0.620709
23450.0	0.62053
23455.0	0.620379
23460.0	0.620223
23465.0	0.620057
23470.0	0.619937
23475.0	0.619791
23480.0	0.61964
23485.0	0.619418
23490.0	0.619271
23495.0	0.619083
23500.0	0.618881
23505.0	0.618687
23510.0	0.618479
23515.0	0.618307
23520.0	0.618207
23525.0	0.618043
23530.0	0.617726
23535.0	0.617386
23540.0	0.617211
23545.0	0.617038
23550.0	0.616865
23555.0	0.616639
23560.0	0.616549
23565.0	0.616499
23570.0	0.616428
23575.0	0.61617
23580.0	0.615995
23585.0	0.615963
23590.0	0.615928
23595.0	0.615775
23600.0	0.615617
23605.0	0.615491
23610.0	0.615363
23615.0	0.615216
23620.0	0.615184
23625.0	0.615095
23630.0	0.614929
23635.0	0.614755
23640.0	0.614592
23645.0	0.61444
23650.0	0.614278
23655.0	0.614091
23660.0	0.61392
23665.0	0.613774
23670.0	0.613638
23675.0	0.613481
23680.0	0.613284
23685.0	0.613092
23690.0	0.612927
23695.0	0.612809
23700.0	0.612728
23705.0	0.612672
23710.0	0.612535
23715.0	0.61242
23720.0	0.612282
23725.0	0.612108
23730.0	0.611921
23735.0	0.611725
23740.0	0.611531
23745.0	0.611349
23750.0	0.611186
23755.0	0.611019
23760.0	0.610961
23765.0	0.610842
23770.0	0.610674
23775.0	0.610515
23780.0	0.610333
23785.0	0.610176
23790.0	0.610027
23795.0	0.609936
23800.0	0.609806
23805.0	0.609638
23810.0	0.609429
23815.0	0.609237
23820.0	0.609103
23825.0	0.608937
23830.0	0.60885
23835.0	0.608705
23840.0	0.608537
23845.0	0.608388
23850.0	0.608334
23855.0	0.608252
23860.0	0.608111
23865.0	0.607956
23870.0	0.607783
23875.0	0.607592
23880.0	0.607335
23885.0	0.607157
23890.0	0.607021
23895.0	0.60691
23900.0	0.60679
23905.0	0.606618
23910.0	0.606451
23915.0	0.606365
23920.0	0.606237
23925.0	0.606029
23930.0	0.605852
23935.0	0.605753
23940.0	0.60566
23945.0	0.605523
23950.0	0.605331
23955.0	0.60515
23960.0	0.604961
23965.0	0.604838
23970.0	0.604745
23975.0	0.604626
23980.0	0.604522
23985.0	0.604392
23990.0	0.604244
23995.0	0.604078
24000.0	0.603908
24005.0	0.603784
24010.0	0.60364
24015.0	0.603469
24020.0	0.603298
24025.0	0.603155
24030.0	0.603033
24035.0	0.602876
24040.0	0.602693
24045.0	0.602545
24050.0	0.602432
24055.0	0.602279
24060.0	0.602098
24065.0	0.601891
24070.0	0.60168
24075.0	0.601477
24080.0	0.601253
24085.0	0.601052
24090.0	0.600867
24095.0	0.600729
24100.0	0.600621
24105.0	0.600456
24110.0	0.600297
24115.0	0.600132
24120.0	0.599975
24125.0	0.599848
24130.0	0.599769
24135.0	0.59964
24140.0	0.599456
24145.0	0.599274
24150.0	0.599054
24155.0	0.598832
24160.0	0.598596
24165.0	0.598298
24170.0	0.598066
24175.0	0.597802
24180.0	0.597592
24185.0	0.59745
24190.0	0.59725
24195.0	0.59721
24200.0	0.597123
24205.0	0.59698
24210.0	0.596845
24215.0	0.596795
24220.0	0.596735
24225.0	0.596616
24230.0	0.596465
24235.0	0.596342
24240.0	0.596251
24245.0	0.596188
24250.0	0.596054
24255.0	0.59594
24260.0	0.595779
24265.0	0.595618
24270.0	0.595454
24275.0	0.595279
24280.0	0.595134
24285.0	0.594952
24290.0	0.594805
24295.0	0.594697
24300.0	0.594536
24305.0	0.594338
24310.0	0.59415
24315.0	0.593961
24320.0	0.593768
24325.0	0.593572
24330.0	0.593363
24335.0	0.593132
24340.0	0.592918
24345.0	0.592766
24350.0	0.592609
24355.0	0.592388
24360.0	0.592153
24365.0	0.592011
24370.0	0.591858
24375.0	0.591704
24380.0	0.591657
24385.0	0.591614
24390.0	0.591506
24395.0	0.591369
24400.0	0.591208
24405.0	0.59103
24410.0	0.590807
24415.0	0.59059
24420.0	0.590419
24425.0	0.590264
24430.0	0.590124
24435.0	0.590016
24440.0	0.589906
24445.0	0.589742
24450.0	0.589503
24455.0	0.5893
24460.0	0.589151
24465.0	0.589002
24470.0	0.588775
24475.0	0.588565
24480.0	0.588349
24485.0	0.588145
24490.0	0.587976
24495.0	0.587815
24500.0	0.587777
24505.0	0.587775
24510.0	0.587662
24515.0	0.587451
24520.0	0.587358
24525.0	0.587315
24530.0	0.587177
24535.0	0.587096
24540.0	0.586995
24545.0	0.586848
24550.0	0.586743
24555.0	0.586595
24560.0	0.586425
24565.0	0.58628
24570.0	0.586135
24575.0	0.585955
24580.0	0.585809
24585.0	0.585646
24590.0	0.58549
24595.0	0.585309
24600.0	0.585082
24605.0	0.584914
24610.0	0.584712
24615.0	0.58449
24620.0	0.584289
24625.0	0.584162
24630.0	0.584033
24635.0	0.583839
24640.0	0.583697
24645.0	0.583546
24650.0	0.583378
24655.0	0.583183
24660.0	0.582966
24665.0	0.582757
24670.0	0.58254
24675.0	0.582298
24680.0	0.582055
24685.0	0.581901
24690.0	0.581826
24695.0	0.581752
24700.0	0.581591
24705.0	0.581386
24710.0	0.581266
24715.0	0.581219
24720.0	0.581101
24725.0	0.580942
24730.0	0.580759
24735.0	0.580582
24740.0	0.580399
24745.0	0.580221
24750.0	0.580042
24755.0	0.579857
24760.0	0.579681
24765.0	0.579544
24770.0	0.579427
24775.0	0.579334
24780.0	0.579239
24785.0	0.579074
24790.0	0.578924
24795.0	0.578793
24800.0	0.578644
24805.0	0.578496
24810.0	0.578328
24815.0	0.578168
24820.0	0.577982
24825.0	0.577808
24830.0	0.577663
24835.0	0.577519
24840.0	0.577359
24845.0	0.577182
24850.0	0.577005
24855.0	0.576825
24860.0	0.576661
24865.0	0.576508
24870.0	0.576324
24875.0	0.57612
24880.0	0.575916
24885.0	0.575742
24890.0	0.575549
24895.0	0.575361
24900.0	0.575191
24905.0	0.575015
24910.0	0.574853
24915.0	0.574672
24920.0	0.574498
24925.0	0.574316
24930.0	0.574138
24935.0	0.573953
24940.0	0.573786
24945.0	0.573627
24950.0	0.57344
24955.0	0.573282
24960.0	0.573141
24965.0	0.572974
24970.0	0.572789
24975.0	0.572588
24980.0	0.572436
24985.0	0.572302
24990.0	0.572084
24995.0	0.571929
25000.0	0.571763
25005.0	0.571593
25010.0	0.571482
25015.0	0.571376
25020.0	0.571248
25025.0	0.571125
25030.0	0.570992
25035.0	0.570847
25040.0	0.570721
25045.0	0.570592
25050.0	0.570481
25055.0	0.570308
25060.0	0.570151
25065.0	0.569975
25070.0	0.569806
25075.0	0.569608
25080.0	0.569359
25085.0	0.569116
25090.0	0.568916
25095.0	0.568713
25100.0	0.568478
25105.0	0.568293
25110.0	0.568174
25115.0	0.568051
25120.0	0.567891
25125.0	0.56775
25130.0	0.567595
25135.0	0.567441
25140.0	0.567304
25145.0	0.567219
25150.0	0.567089
25155.0	0.566971
25160.0	0.566866
25165.0	0.566749
25170.0	0.566588
25175.0	0.566425
25180.0	0.56626
25185.0	0.56607
25190.0	0.5659
25195.0	0.565744
25200.0	0.565569
25205.0	0.565406
25210.0	0.565247
25215.0	0.565097
25220.0	0.56492
25225.0	0.564744
25230.0	0.564558
25235.0	0.564363
25240.0	0.564166
25245.0	0.563989
25250.0	0.563788
25255.0	0.563602
25260.0	0.563393
25265.0	0.563169
25270.0	0.563024
25275.0	0.562893
25280.0	0.562745
25285.0	0.562564
25290.0	0.562372
25295.0	0.562212
25300.0	0.562061
25305.0	0.561945
25310.0	0.561824
25315.0	0.561688
25320.0	0.561554
25325.0	0.561393
25330.0	0.56126
25335.0	0.561127
25340.0	0.561002
25345.0	0.560853
25350.0	0.56067
25355.0	0.560506
25360.0	0.560332
25365.0	0.560163
25370.0	0.559999
25375.0	0.559827
25380.0	0.559634
25385.0	0.559447
25390.0	0.559283
25395.0	0.559136
25400.0	0.558972
25405.0	0.558792
25410.0	0.558631
25415.0	0.558481
25420.0	0.558337
25425.0	0.558191
25430.0	0.558047
25435.0	0.557872
25440.0	0.557688
25445.0	0.557499
25450.0	0.55729
25455.0	0.557079
25460.0	0.556876
25465.0	0.556667
25470.0	0.556504
25475.0	0.556355
25480.0	0.556173
25485.0	0.556013
25490.0	0.555845
25495.0	0.555673
25500.0	0.555521
25505.0	0.555351
25510.0	0.555161
25515.0	0.554955
25520.0	0.554731
25525.0	0.554514
25530.0	0.55432
25535.0	0.554162
25540.0	0.554053
25545.0	0.553926
25550.0	0.553815
25555.0	0.553694
25560.0	0.553559
25565.0	0.553376
25570.0	0.553198
25575.0	0.553027
25580.0	0.552878
25585.0	0.552725
25590.0	0.552567
25595.0	0.552402
25600.0	0.552223
25605.0	0.55204
25610.0	0.55188
25615.0	0.551693
25620.0	0.551498
25625.0	0.551322
25630.0	0.551156
25635.0	0.551009
25640.0	0.550865
25645.0	0.550689
25650.0	0.550512
25655.0	0.550358
25660.0	0.550206
25665.0	0.550048
25670.0	0.549897
25675.0	0.549708
25680.0	0.549509
25685.0	0.54929
25690.0	0.549124
25695.0	0.54895
25700.0	0.548771
25705.0	0.548597
25710.0	0.548453
25715.0	0.548311
25720.0	0.548182
25725.0	0.548028
25730.0	0.547861
25735.0	0.547708
25740.0	0.547556
25745.0	0.547389
25750.0	0.547216
25755.0	0.547054
25760.0	0.546868
25765.0	0.546685
25770.0	0.546516
25775.0	0.546331
25780.0	0.546149
25785.0	0.545952
25790.0	0.545787
25795.0	0.545624
25800.0	0.54547
25805.0	0.54531
25810.0	0.545131
25815.0	0.544958
25820.0	0.544801
25825.0	0.544637
25830.0	0.544482
25835.0	0.544309
25840.0	0.544146
25845.0	0.543992
25850.0	0.543848
25855.0	0.543687
25860.0	0.543534
25865.0	0.543395
25870.0	0.543243
25875.0	0.543084
25880.0	0.542927
25885.0	0.542757
25890.0	0.542571
25895.0	0.5424
25900.0	0.542218
25905.0	0.542036
25910.0	0.541847
25915.0	0.54164
25920.0	0.541448
25925.0	0.541242
25930.0	0.541037
25935.0	0.540858
25940.0	0.540727
25945.0	0.540596
25950.0	0.540441
25955.0	0.540272
25960.0	0.540089
25965.0	0.539928
25970.0	0.539758
25975.0	0.539565
25980.0	0.539369
25985.0	0.539184
25990.0	0.538973
25995.0	0.538778
26000.0	0.538635
26005.0	0.538489
26010.0	0.538317
26015.0	0.538157
26020.0	0.53801
26025.0	0.537848
26030.0	0.537712
26035.0	0.537546
26040.0	0.53736
26045.0	0.537172
26050.0	0.536987
26055.0	0.53681
26060.0	0.53667
26065.0	0.536536
26070.0	0.536396
26075.0	0.536241
26080.0	0.536078
26085.0	0.535921
26090.0	0.535727
26095.0	0.535561
26100.0	0.535391
26105.0	0.535241
26110.0	0.535084
26115.0	0.53492
26120.0	0.53476
26125.0	0.534578
26130.0	0.534397
26135.0	0.534241
26140.0	0.534083
26145.0	0.53393
26150.0	0.533753
26155.0	0.533569
26160.0	0.533364
26165.0	0.533166
26170.0	0.532954
26175.0	0.532767
26180.0	0.532595
26185.0	0.532444
26190.0	0.532292
26195.0	0.5321
26200.0	0.531902
26205.0	0.531739
26210.0	0.53157
26215.0	0.531416
26220.0	0.531244
26225.0	0.531059
26230.0	0.530866
26235.0	0.530703
26240.0	0.530546
26245.0	0.530358
26250.0	0.530188
26255.0	0.530006
26260.0	0.529811
26265.0	0.529636
26270.0	0.529449
26275.0	0.529252
26280.0	0.52907
26285.0	0.528904
26290.0	0.528754
26295.0	0.528576
26300.0	0.528399
26305.0	0.528207
26310.0	0.528027
26315.0	0.527871
26320.0	0.527674
26325.0	0.527489
26330.0	0.5273
26335.0	0.527123
26340.0	0.526942
26345.0	0.526796
26350.0	0.526609
26355.0	0.52646
26360.0	0.526342
26365.0	0.526193
26370.0	0.526059
26375.0	0.525911
26380.0	0.525778
26385.0	0.525618
26390.0	0.525456
26395.0	0.525292
26400.0	0.52512
26405.0	0.52497
26410.0	0.524794
26415.0	0.524638
26420.0	0.524476
26425.0	0.524289
26430.0	0.524121
26435.0	0.523956
26440.0	0.523805
26445.0	0.523641
26450.0	0.523466
26455.0	0.523289
26460.0	0.523097
26465.0	0.52291
26470.0	0.522736
26475.0	0.522567
26480.0	0.522412
26485.0	0.52224
26490.0	0.522059
26495.0	0.521884
26500.0	0.521715
26505.0	0.521526
26510.0	0.521336
26515.0	0.521129
26520.0	0.520944
26525.0	0.520742
26530.0	0.520538
26535.0	0.520356
26540.0	0.520153
26545.0	0.519931
26550.0	0.519727
26555.0	0.519544
26560.0	0.519325
26565.0	0.519139
26570.0	0.518963
26575.0	0.518757
26580.0	0.518583
26585.0	0.518422
26590.0	0.518257
26595.0	0.518097
26600.0	0.517941
26605.0	0.517812
26610.0	0.517685
26615.0	0.517519
26620.0	0.517343
26625.0	0.517165
26630.0	0.516993
26635.0	0.516832
26640.0	0.516656
26645.0	0.516489
26650.0	0.516339
26655.0	0.516175
26660.0	0.516027
26665.0	0.515874
26670.0	0.515735
26675.0	0.515594
26680.0	0.515432
26685.0	0.515274
26690.0	0.515098
26695.0	0.514932
26700.0	0.514772
26705.0	0.514594
26710.0	0.514424
26715.0	0.514238
26720.0	0.514042
26725.0	0.513835
26730.0	0.513646
26735.0	0.51346
26740.0	0.51328
26745.0	0.513082
26750.0	0.512922
26755.0	0.512741
26760.0	0.512568
26765.0	0.512413
26770.0	0.512261
26775.0	0.512085
26780.0	0.511912
26785.0	0.511726
26790.0	0.511537
26795.0	0.511353
26800.0	0.511178
26805.0	0.510997
26810.0	0.510806
26815.0	0.510624
26820.0	0.51044
26825.0	0.510232
26830.0	0.510045
26835.0	0.509853
26840.0	0.509664
26845.0	0.509456
26850.0	0.509272
26855.0	0.509088
26860.0	0.508906
26865.0	0.508723
26870.0	0.50855
26875.0	0.508392
26880.0	0.50821
26885.0	0.508025
26890.0	0.507848
26895.0	0.507686
26900.0	0.507498
26905.0	0.507348
26910.0	0.507194
26915.0	0.507041
26920.0	0.506889
26925.0	0.50674
26930.0	0.506595
26935.0	0.506426
26940.0	0.506279
26945.0	0.506111
26950.0	0.505934
26955.0	0.505759
26960.0	0.505621
26965.0	0.505467
26970.0	0.505298
26975.0	0.505117
26980.0	0.504945
26985.0	0.50474
26990.0	0.504568
26995.0	0.504382
27000.0	0.504179
27005.0	0.503977
27010.0	0.503794
27015.0	0.503627
27020.0	0.503442
27025.0	0.503245
27030.0	0.503079
27035.0	0.502894
27040.0	0.502729
27045.0	0.502581
27050.0	0.502412
27055.0	0.502237
27060.0	0.502052
27065.0	0.501864
27070.0	0.501662
27075.0	0.501474
27080.0	0.501313
27085.0	0.501123
27090.0	0.500943
27095.0	0.500775
27100.0	0.500617
27105.0	0.500453
27110.0	0.500274
27115.0	0.500088
27120.0	0.499914
27125.0	0.499753
27130.0	0.499585
27135.0	0.499391
27140.0	0.499208
27145.0	0.499009
27150.0	0.498837
27155.0	0.498646
27160.0	0.498459
27165.0	0.498288
27170.0	0.498095
27175.0	0.4979
27180.0	0.497723
27185.0	0.497535
27190.0	0.497359
27195.0	0.497177
27200.0	0.497
27205.0	0.496834
27210.0	0.49666
27215.0	0.49646
27220.0	0.496287
27225.0	0.49611
27230.0	0.495931
27235.0	0.495744
27240.0	0.495592
27245.0	0.495432
27250.0	0.49527
27255.0	0.495113
27260.0	0.494938
27265.0	0.494785
27270.0	0.494626
27275.0	0.494454
27280.0	0.494275
27285.0	0.49411
27290.0	0.493937
27295.0	0.49375
27300.0	0.493571
27305.0	0.493368
27310.0	0.493178
27315.0	0.492979
27320.0	0.492773
27325.0	0.492564
27330.0	0.492354
27335.0	0.492158
27340.0	0.491959
27345.0	0.491754
27350.0	0.491574
27355.0	0.491393
27360.0	0.491194
27365.0	0.491004
27370.0	0.490779
27375.0	0.490579
27380.0	0.490399
27385.0	0.49023
27390.0	0.490052
27395.0	0.48987
27400.0	0.489718
27405.0	0.489548
27410.0	0.489385
27415.0	0.489221
27420.0	0.489047
27425.0	0.488882
27430.0	0.48872
27435.0	0.488558
27440.0	0.488407
27445.0	0.488251
27450.0	0.488094
27455.0	0.487926
27460.0	0.48776
27465.0	0.48759
27470.0	0.48743
27475.0	0.487255
27480.0	0.487101
27485.0	0.486931
27490.0	0.486777
27495.0	0.486598
27500.0	0.486402
27505.0	0.48621
27510.0	0.486015
27515.0	0.485813
27520.0	0.485643
27525.0	0.485459
27530.0	0.485254
27535.0	0.485072
27540.0	0.484886
27545.0	0.484715
27550.0	0.484528
27555.0	0.484333
27560.0	0.484145
27565.0	0.483953
27570.0	0.483782
27575.0	0.483615
27580.0	0.483418
27585.0	0.483228
27590.0	0.483059
27595.0	0.482882
27600.0	0.482682
27605.0	0.482506
27610.0	0.482343
27615.0	0.482155
27620.0	0.481981
27625.0	0.481798
27630.0	0.481624
27635.0	0.481437
27640.0	0.481259
27645.0	0.481076
27650.0	0.480896
27655.0	0.48071
27660.0	0.480531
27665.0	0.480334
27670.0	0.480136
27675.0	0.479948
27680.0	0.479759
27685.0	0.479571
27690.0	0.479378
27695.0	0.479194
27700.0	0.479018
27705.0	0.478821
27710.0	0.478618
27715.0	0.478435
27720.0	0.478268
27725.0	0.478092
27730.0	0.477914
27735.0	0.477753
27740.0	0.477591
27745.0	0.477431
27750.0	0.477263
27755.0	0.477092
27760.0	0.47693
27765.0	0.47674
27770.0	0.476568
27775.0	0.47639
27780.0	0.476214
27785.0	0.476055
27790.0	0.47588
27795.0	0.475698
27800.0	0.475512
27805.0	0.475324
27810.0	0.475142
27815.0	0.474963
27820.0	0.474793
27825.0	0.474616
27830.0	0.474458
27835.0	0.474281
27840.0	0.474117
27845.0	0.473943
27850.0	0.473749
27855.0	0.473569
27860.0	0.473395
27865.0	0.473213
27870.0	0.473032
27875.0	0.472843
27880.0	0.47264
27885.0	0.472447
27890.0	0.472244
27895.0	0.472049
27900.0	0.47186
27905.0	0.471666
27910.0	0.471459
27915.0	0.471267
27920.0	0.471083
27925.0	0.470875
27930.0	0.470672
27935.0	0.470479
27940.0	0.470287
27945.0	0.470089
27950.0	0.469889
27955.0	0.469715
27960.0	0.469518
27965.0	0.469327
27970.0	0.46911
27975.0	0.468907
27980.0	0.46871
27985.0	0.46852
27990.0	0.468345
27995.0	0.468139
28000.0	0.467939
28005.0	0.467747
28010.0	0.467565
28015.0	0.467379
28020.0	0.467221
28025.0	0.467054
28030.0	0.466904
28035.0	0.466758
28040.0	0.466636
28045.0	0.466517
28050.0	0.46637
28055.0	0.46621
28060.0	0.466038
28065.0	0.465863
28070.0	0.46569
28075.0	0.465515
28080.0	0.465335
28085.0	0.465162
28090.0	0.464988
28095.0	0.464813
28100.0	0.464632
28105.0	0.464485
28110.0	0.464293
28115.0	0.464099
28120.0	0.463907
28125.0	0.463704
28130.0	0.463497
28135.0	0.463314
28140.0	0.463121
28145.0	0.462935
28150.0	0.462754
28155.0	0.462566
28160.0	0.462377
28165.0	0.46219
28170.0	0.461975
28175.0	0.46179
28180.0	0.461599
28185.0	0.461404
28190.0	0.461195
28195.0	0.461005
28200.0	0.460813
28205.0	0.460615
28210.0	0.460433
28215.0	0.460243
28220.0	0.460061
28225.0	0.459884
28230.0	0.459699
28235.0	0.459508
28240.0	0.459354
28245.0	0.45919
28250.0	0.45904
28255.0	0.458866
28260.0	0.458709
28265.0	0.458538
28270.0	0.458373
28275.0	0.458201
28280.0	0.45804
28285.0	0.457892
28290.0	0.457721
28295.0	0.457531
28300.0	0.45735
28305.0	0.45717
28310.0	0.457008
28315.0	0.456822
28320.0	0.456648
28325.0	0.456457
28330.0	0.456235
28335.0	0.456035
28340.0	0.455839
28345.0	0.455636
28350.0	0.455401
28355.0	0.45518
28360.0	0.45495
28365.0	0.454735
28370.0	0.45452
28375.0	0.454315
28380.0	0.454093
28385.0	0.453878
28390.0	0.453637
28395.0	0.453424
28400.0	0.453211
28405.0	0.453
28410.0	0.452782
28415.0	0.452533
28420.0	0.452294
28425.0	0.45205
28430.0	0.45182
28435.0	0.451618
28440.0	0.451457
28445.0	0.451327
28450.0	0.451236
28455.0	0.451135
28460.0	0.451052
28465.0	0.45098
28470.0	0.450871
28475.0	0.450739
28480.0	0.45057
28485.0	0.450404
28490.0	0.450247
28495.0	0.450069
28500.0	0.449911
28505.0	0.449725
28510.0	0.449547
28515.0	0.449351
28520.0	0.449187
28525.0	0.448997
28530.0	0.448799
28535.0	0.448628
28540.0	0.448441
28545.0	0.448273
28550.0	0.448106
28555.0	0.447932
28560.0	0.447777
28565.0	0.447593
28570.0	0.447384
28575.0	0.447203
28580.0	0.447011
28585.0	0.446818
28590.0	0.446628
28595.0	0.44643
28600.0	0.446259
28605.0	0.44608
28610.0	0.445918
28615.0	0.445764
28620.0	0.445586
28625.0	0.445412
28630.0	0.445207
28635.0	0.445009
28640.0	0.444812
28645.0	0.444597
28650.0	0.444382
28655.0	0.444162
28660.0	0.443951
28665.0	0.443713
28670.0	0.443467
28675.0	0.443259
28680.0	0.44305
28685.0	0.442839
28690.0	0.442632
28695.0	0.44242
28700.0	0.442212
28705.0	0.441981
28710.0	0.441782
28715.0	0.44157
28720.0	0.441347
28725.0	0.441139
28730.0	0.440945
28735.0	0.440746
28740.0	0.440551
28745.0	0.440317
28750.0	0.440082
28755.0	0.439848
28760.0	0.439608
28765.0	0.439345
28770.0	0.439105
28775.0	0.438908
28780.0	0.438747
28785.0	0.438627
28790.0	0.438511
28795.0	0.438446
28800.0	0.438342
28805.0	0.438256
28810.0	0.438172
28815.0	0.438039
28820.0	0.437868
28825.0	0.437703
28830.0	0.437499
28835.0	0.43732
28840.0	0.437121
28845.0	0.43692
28850.0	0.436745
28855.0	0.436541
28860.0	0.436377
28865.0	0.436205
28870.0	0.436017
28875.0	0.435791
28880.0	0.435562
28885.0	0.435316
28890.0	0.435086
28895.0	0.434836
28900.0	0.434569
28905.0	0.434328
28910.0	0.434114
28915.0	0.433898
28920.0	0.433728
28925.0	0.433511
28930.0	0.433329
28935.0	0.433144
28940.0	0.432946
28945.0	0.432742
28950.0	0.4325
28955.0	0.432277
28960.0	0.43204
28965.0	0.431807
28970.0	0.431573
28975.0	0.431336
28980.0	0.431043
28985.0	0.430808
28990.0	0.430518
28995.0	0.430268
29000.0	0.430002
29005.0	0.42964
29010.0	0.429354
29015.0	0.429025
29020.0	0.428624
29025.0	0.428248
29030.0	0.427847
29035.0	0.427417
29040.0	0.427024
29045.0	0.426634
29050.0	0.426244
29055.0	0.425875
29060.0	0.425561
29065.0	0.425349
29070.0	0.425286
29075.0	0.425458
29080.0	0.425911
29085.0	0.426291
29090.0	0.426405
29095.0	0.426388
29100.0	0.426331
29105.0	0.426243
29110.0	0.426088
29115.0	0.425899
29120.0	0.425677
29125.0	0.425482
29130.0	0.425279
29135.0	0.425123
29140.0	0.42503
29145.0	0.424969
29150.0	0.424915
29155.0	0.424799
29160.0	0.424671
29165.0	0.42455
29170.0	0.42443
29175.0	0.424295
29180.0	0.424135
29185.0	0.42398
29190.0	0.423799
29195.0	0.423594
29200.0	0.423395
29205.0	0.423191
29210.0	0.422978
29215.0	0.42277
29220.0	0.422525
29225.0	0.422312
29230.0	0.422071
29235.0	0.421867
29240.0	0.421642
29245.0	0.42143
29250.0	0.421217
29255.0	0.421014
29260.0	0.420798
29265.0	0.420593
29270.0	0.420353
29275.0	0.420122
29280.0	0.41988
29285.0	0.41961
29290.0	0.419348
29295.0	0.419012
29300.0	0.418753
29305.0	0.418439
29310.0	0.418139
29315.0	0.417787
29320.0	0.417415
29325.0	0.417092
29330.0	0.416726
29335.0	0.416362
29340.0	0.415948
29345.0	0.415537
29350.0	0.415118
29355.0	0.414647
29360.0	0.414211
29365.0	0.413722
29370.0	0.413291
29375.0	0.412833
29380.0	0.412343
29385.0	0.411967
29390.0	0.41164
29395.0	0.411405
29400.0	0.411413
29405.0	0.412244
29410.0	0.412827
29415.0	0.413439
29420.0	0.413717
29425.0	0.413607
29430.0	0.413627
29435.0	0.413413
29440.0	0.413282
29445.0	0.413062
29450.0	0.412882
29455.0	0.412745
29460.0	0.412545
29465.0	0.412416
29470.0	0.412395
29475.0	0.412225
29480.0	0.412091
29485.0	0.411885
29490.0	0.411664
29495.0	0.411514
29500.0	0.41135
29505.0	0.411121
29510.0	0.410915
29515.0	0.410605
29520.0	0.410292
29525.0	0.409931
29530.0	0.409894
29535.0	0.409436
29540.0	0.409354
29545.0	0.408898
29550.0	0.408462
29555.0	0.408101
29560.0	0.407686
29565.0	0.407339
29570.0	0.406948
29575.0	0.406245
29580.0	0.405733
29585.0	0.405352
29590.0	0.404749
29595.0	0.404162
29600.0	0.403561
29605.0	0.402988
29610.0	0.402245
29615.0	0.401494
29620.0	0.400691
29625.0	0.40001
29630.0	0.399274
29635.0	0.398484
29640.0	0.39768
29645.0	0.397346
29650.0	0.397292
29655.0	0.397962
29660.0	0.399261
29665.0	0.400498
29670.0	0.400902
29675.0	0.40135
29680.0	0.401462
29685.0	0.401316
29690.0	0.401036
29695.0	0.400683
29700.0	0.400318
29705.0	0.399964
29710.0	0.399683
29715.0	0.399473
29720.0	0.399397
29725.0	0.399895
29730.0	0.400482
29735.0	0.400797
29740.0	0.400938
29745.0	0.401195
29750.0	0.401315
29755.0	0.401082
29760.0	0.401033
29765.0	0.400914
29770.0	0.400734
29775.0	0.400456
29780.0	0.400186
29785.0	0.399956
29790.0	0.399689
29795.0	0.39947
29800.0	0.399382
29805.0	0.399235
29810.0	0.398952
29815.0	0.398643
29820.0	0.398352
29825.0	0.398138
29830.0	0.397708
29835.0	0.397297
29840.0	0.396911
29845.0	0.396433
29850.0	0.395853
29855.0	0.395343
29860.0	0.394847
29865.0	0.394407
29870.0	0.393833
29875.0	0.3934
29880.0	0.392936
29885.0	0.392516
29890.0	0.39219
29895.0	0.391714
29900.0	0.391066
29905.0	0.390502
29910.0	0.389635
29915.0	0.389077
29920.0	0.388113
29925.0	0.387028
29930.0	0.386072
29935.0	0.385127
29940.0	0.384165
29945.0	0.383078
29950.0	0.382143
29955.0	0.381515
29960.0	0.381001
29965.0	0.380991
29970.0	0.381741
29975.0	0.383767
29980.0	0.385842
29985.0	0.387262
29990.0	0.387986
29995.0	0.388104
30000.0	0.388152
30005.0	0.387928
30010.0	0.387719
30015.0	0.387461
30020.0	0.387413
30025.0	0.387292
30030.0	0.387173
30035.0	0.38732
30040.0	0.387485
30045.0	0.387824
30050.0	0.387893
30055.0	0.387852
30060.0	0.387632
30065.0	0.387445
30070.0	0.387267
30075.0	0.387124
30080.0	0.386701
30085.0	0.386315
30090.0	0.385681
30095.0	0.385373
30100.0	0.384911
30105.0	0.384286
30110.0	0.383727
30115.0	0.383084
30120.0	0.382517
30125.0	0.38184
30130.0	0.381036
30135.0	0.380133
30140.0	0.379644
30145.0	0.378466
30150.0	0.377463
30155.0	0.376296
30160.0	0.375433
30165.0	0.374177
30170.0	0.372844
30175.0	0.371343
30180.0	0.36995
30185.0	0.369035
30190.0	0.36804
30195.0	0.366583
30200.0	0.36596
30205.0	0.366152
30210.0	0.367183
30215.0	0.369805
30220.0	0.372134
30225.0	0.372533
30230.0	0.372378
30235.0	0.37195
30240.0	0.370981
30245.0	0.370129
30250.0	0.369346
30255.0	0.36874
30260.0	0.367996
30265.0	0.367441
30270.0	0.367544
30275.0	0.368127
30280.0	0.370195
30285.0	0.37333
30290.0	0.374922
30295.0	0.375355
30300.0	0.37578
30305.0	0.375634
30310.0	0.375391
30315.0	0.375009
30320.0	0.374741
30325.0	0.374418
30330.0	0.374255
30335.0	0.374046
30340.0	0.374072
30345.0	0.374202
30350.0	0.373897
30355.0	0.373808
30360.0	0.373383
30365.0	0.372936
30370.0	0.372598
30375.0	0.372091
30380.0	0.371405
30385.0	0.370702
30390.0	0.369984
30395.0	0.369247
30400.0	0.368467
30405.0	0.367541
30410.0	0.366516
30415.0	0.365736
30420.0	0.364592
30425.0	0.363143
30430.0	0.361844
30435.0	0.360534
30440.0	0.359342
30445.0	0.357706
30450.0	0.355728
30455.0	0.354084
30460.0	0.352587
30465.0	0.350803
30470.0	0.34861
30475.0	0.346504
30480.0	0.344985
30485.0	0.344056
30490.0	0.343577
30495.0	0.344634
30500.0	0.347173
30505.0	0.349705
30510.0	0.352639
30515.0	0.355897
30520.0	0.357241
30525.0	0.357182
30530.0	0.356885
30535.0	0.356318
30540.0	0.355248
30545.0	0.354411
30550.0	0.353827
30555.0	0.353445
30560.0	0.353262
30565.0	0.353959
30570.0	0.355621
30575.0	0.357348
30580.0	0.358695
30585.0	0.359831
30590.0	0.360362
30595.0	0.36026
30600.0	0.360016
30605.0	0.359545
30610.0	0.35906
30615.0	0.358411
30620.0	0.357881
30625.0	0.357267
30630.0	0.356598
30635.0	0.35594
30640.0	0.355301
30645.0	0.354661
30650.0	0.354006
30655.0	0.353014
30660.0	0.351784
30665.0	0.350454
30670.0	0.349447
30675.0	0.348288
30680.0	0.346273
30685.0	0.34446
30690.0	0.343026
30695.0	0.3411
30700.0	0.339887
30705.0	0.337269
30710.0	0.335998
30715.0	0.334918
30720.0	0.334564
30725.0	0.335575
30730.0	0.337609
30735.0	0.337672
30740.0	0.336711
30745.0	0.335381
30750.0	0.332909
30755.0	0.330565
30760.0	0.328206
30765.0	0.326455
30770.0	0.324812
30775.0	0.322893
30780.0	0.322338
30785.0	0.323558
30790.0	0.326753
30795.0	0.333324
30800.0	0.338247
30805.0	0.339689
30810.0	0.340003
30815.0	0.339779
30820.0	0.33947
30825.0	0.339306
30830.0	0.338745
30835.0	0.338313
30840.0	0.338291
30845.0	0.338759
30850.0	0.339935
30855.0	0.34138
30860.0	0.342406
30865.0	0.343217
30870.0	0.343371
30875.0	0.343315
30880.0	0.342741
30885.0	0.342176
30890.0	0.341165
30895.0	0.340107
30900.0	0.338641
30905.0	0.337661
30910.0	0.336884
30915.0	0.3355
30920.0	0.333817
30925.0	0.332135
30930.0	0.330768
30935.0	0.329361
30940.0	0.327291
30945.0	0.324776
30950.0	0.322474
30955.0	0.320585
30960.0	0.317794
30965.0	0.315088
30970.0	0.312041
30975.0	0.309503
30980.0	0.30783
30985.0	0.30589
30990.0	0.304403
30995.0	0.305884
31000.0	0.309501
31005.0	0.312962
31010.0	0.313743
31015.0	0.312812
31020.0	0.310655
31025.0	0.308702
31030.0	0.306488
31035.0	0.304175
31040.0	0.302022
31045.0	0.300892
31050.0	0.301088
31055.0	0.302714
31060.0	0.308246
31065.0	0.314888
31070.0	0.318561
31075.0	0.320146
31080.0	0.321044
31085.0	0.321276
31090.0	0.320598
31095.0	0.319674
31100.0	0.319266
31105.0	0.318628
31110.0	0.318282
31115.0	0.318521
31120.0	0.318862
31125.0	0.319057
31130.0	0.319355
31135.0	0.319243
31140.0	0.318904
31145.0	0.31837
31150.0	0.317319
31155.0	0.31599
31160.0	0.314172
31165.0	0.312119
31170.0	0.310617
31175.0	0.308933
31180.0	0.306586
31185.0	0.304386
31190.0	0.302789
31195.0	0.302011
31200.0	0.30174
31205.0	0.300565
31210.0	0.298213
31215.0	0.295723
31220.0	0.293311
31225.0	0.290541
31230.0	0.287248
31235.0	0.283956
31240.0	0.281621
31245.0	0.281492
31250.0	0.28253
31255.0	0.285237
31260.0	0.288063
31265.0	0.289074
31270.0	0.288313
31275.0	0.286832
31280.0	0.285634
31285.0	0.284341
31290.0	0.282686
31295.0	0.282587
31300.0	0.284265
31305.0	0.286436
31310.0	0.291329
31315.0	0.293749
31320.0	0.295978
31325.0	0.297047
31330.0	0.297861
31335.0	0.297516
31340.0	0.297841
31345.0	0.29582
31350.0	0.294648
31355.0	0.293419
31360.0	0.291933
31365.0	0.291058
31370.0	0.290915
31375.0	0.290052
31380.0	0.288993
31385.0	0.288321
31390.0	0.287333
31395.0	0.285822
31400.0	0.284194
31405.0	0.281881
31410.0	0.279142
31415.0	0.277283
31420.0	0.275204
31425.0	0.273262
31430.0	0.271402
31435.0	0.270347
31440.0	0.269805
31445.0	0.269214
31450.0	0.267716
31455.0	0.265218
31460.0	0.262032
31465.0	0.259768
31470.0	0.258086
31475.0	0.256759
31480.0	0.257315
31485.0	0.259269
31490.0	0.261515
31495.0	0.263548
31500.0	0.264917
31505.0	0.26489
31510.0	0.264379
31515.0	0.263516
31520.0	0.262506
31525.0	0.261366
31530.0	0.261367
31535.0	0.261262
31540.0	0.26178
31545.0	0.263274
31550.0	0.265195
31555.0	0.266262
31560.0	0.266825
31565.0	0.26675
31570.0	0.266127
31575.0	0.264792
31580.0	0.262904
31585.0	0.261286
31590.0	0.260491
31595.0	0.25895
31600.0	0.257496
31605.0	0.255997
31610.0	0.255035
31615.0	0.25448
31620.0	0.253625
31625.0	0.252685
31630.0	0.250952
31635.0	0.249451
31640.0	0.248171
31645.0	0.246347
31650.0	0.243242
31655.0	0.240985
31660.0	0.238687
31665.0	0.237203
31670.0	0.235056
31675.0	0.23261
31680.0	0.230771
31685.0	0.230636
31690.0	0.231158
31695.0	0.232757
31700.0	0.235887
31705.0	0.238914
31710.0	0.240734
31715.0	0.241235
31720.0	0.241329
31725.0	0.241379
31730.0	0.241428
31735.0	0.241206
31740.0	0.24055
31745.0	0.240102
31750.0	0.239176
31755.0	0.238309
31760.0	0.238549
31765.0	0.239133
31770.0	0.23911
31775.0	0.239651
31780.0	0.239266
31785.0	0.237999
31790.0	0.237336
31795.0	0.235655
31800.0	0.233339
31805.0	0.231267
31810.0	0.229026
31815.0	0.226869
31820.0	0.225375
31825.0	0.223665
31830.0	0.221259
31835.0	0.219988
31840.0	0.218427
31845.0	0.21676
31850.0	0.215781
31855.0	0.213581
31860.0	0.211281
31865.0	0.209889
31870.0	0.208862
31875.0	0.208026
31880.0	0.205737
31885.0	0.204455
31890.0	0.203713
31895.0	0.203498
31900.0	0.20463
31905.0	0.205893
31910.0	0.207712
31915.0	0.20972
31920.0	0.210158
31925.0	0.210667
31930.0	0.210359
31935.0	0.210409
31940.0	0.210549
31945.0	0.209933
31950.0	0.208849
31955.0	0.207719
31960.0	0.208984
31965.0	0.207592
31970.0	0.207235
31975.0	0.206542
31980.0	0.205656
31985.0	0.204816
31990.0	0.204406
31995.0	0.203687
32000.0	0.201987
32005.0	0.200386
32010.0	0.198723
32015.0	0.197554
32020.0	0.196549
32025.0	0.195868
32030.0	0.195248
32035.0	0.194758
32040.0	0.193776
32045.0	0.192342
32050.0	0.191515
32055.0	0.190301
32060.0	0.18844
32065.0	0.186657
32070.0	0.184845
32075.0	0.18321
32080.0	0.181342
32085.0	0.178956
32090.0	0.177077
32095.0	0.175655
32100.0	0.17443
32105.0	0.173179
32110.0	0.173084
32115.0	0.173688
32120.0	0.17375
32125.0	0.173906
32130.0	0.173999
32135.0	0.175036
32140.0	0.173944
32145.0	0.173975
32150.0	0.173187
32155.0	0.172723
32160.0	0.172425
32165.0	0.171133
32170.0	0.16998
32175.0	0.169441
32180.0	0.169317
32185.0	0.168526
32190.0	0.16801
32195.0	0.166997
32200.0	0.166564
32205.0	0.164957
32210.0	0.163154
32215.0	0.161704
32220.0	0.160548
32225.0	0.160379
32230.0	0.160526
32235.0	0.160942
32240.0	0.161642
32245.0	0.161325
32250.0	0.161341
32255.0	0.161335
32260.0	0.161516
32265.0	0.161019
32270.0	0.159891
32275.0	0.159521
32280.0	0.159903
32285.0	0.159811
32290.0	0.157952
32295.0	0.155787
32300.0	0.154744
32305.0	0.153608
32310.0	0.152041
32315.0	0.148455
32320.0	0.144919
32325.0	0.142682
32330.0	0.141377
32335.0	0.140582
32340.0	0.139247
32345.0	0.137192
32350.0	0.135884
32355.0	0.135387
32360.0	0.134757
32365.0	0.134266
32370.0	0.133184
32375.0	0.132344
32380.0	0.13159
32385.0	0.131317
32390.0	0.130747
32395.0	0.130407
32400.0	0.13051
32405.0	0.131553
32410.0	0.132119
32415.0	0.131517
32420.0	0.130087
32425.0	0.128139
32430.0	0.1266
32435.0	0.125158
32440.0	0.124006
32445.0	0.12372
32450.0	0.123381
32455.0	0.122756
32460.0	0.122502
32465.0	0.122236
32470.0	0.122202
32475.0	0.122332
32480.0	0.122715
32485.0	0.122682
32490.0	0.123303
32495.0	0.123296
32500.0	0.12263
32505.0	0.121656
32510.0	0.1213
32515.0	0.12068
32520.0	0.119777
32525.0	0.118325
32530.0	0.116997
32535.0	0.116008
32540.0	0.11502
32545.0	0.113955
32550.0	0.112601
32555.0	0.110961
32560.0	0.109416
32565.0	0.107699
32570.0	0.106493
32575.0	0.10487
32580.0	0.103224
32585.0	0.101303
32590.0	0.100381
32595.0	0.099774
32600.0	0.0987973
32605.0	0.0980551
32610.0	0.0969551
32615.0	0.0956341
32620.0	0.0945858
32625.0	0.0932948
32630.0	0.091902
32635.0	0.0907725
32640.0	0.0900915
32645.0	0.0898735
32650.0	0.0893757
32655.0	0.0893116
32660.0	0.0896082
32665.0	0.0896577
32670.0	0.0897612
32675.0	0.0893363
32680.0	0.0886103
32685.0	0.0881566
32690.0	0.087655
32695.0	0.086748
32700.0	0.0862866
32705.0	0.0858135
32710.0	0.0856254
32715.0	0.085698
32720.0	0.0854553
32725.0	0.085334
32730.0	0.085176
32735.0	0.0851417
32740.0	0.0843094
32745.0	0.0835143
32750.0	0.0827681
32755.0	0.0823902
32760.0	0.0817334
32765.0	0.0805162
32770.0	0.079306
32775.0	0.0782788
32780.0	0.0774028
32785.0	0.0764339
32790.0	0.0751442
32795.0	0.073622
32800.0	0.072219
32805.0	0.0712775
32810.0	0.0706369
32815.0	0.0692812
32820.0	0.0683615
32825.0	0.0663117
32830.0	0.0656501
32835.0	0.0647176
32840.0	0.0640732
32845.0	0.0634271
32850.0	0.062754
32855.0	0.0620214
32860.0	0.0612398
32865.0	0.0605599
32870.0	0.059739
32875.0	0.0585941
32880.0	0.0577221
32885.0	0.057353
32890.0	0.0568077
32895.0	0.0566571
32900.0	0.0565009
32905.0	0.0563959
32910.0	0.056583
32915.0	0.0567
32920.0	0.0566323
32925.0	0.0562538
32930.0	0.0556935
32935.0	0.0554839
32940.0	0.0548952
32945.0	0.0546433
32950.0	0.0540661
32955.0	0.0540617
32960.0	0.0529189
32965.0	0.0526997
32970.0	0.0527139
32975.0	0.0521262
32980.0	0.0512615
32985.0	0.0505697
32990.0	0.05004
32995.0	0.0494421
33000.0	0.0485971
33005.0	0.0476384
33010.0	0.0465856
33015.0	0.04574
33020.0	0.0451445
33025.0	0.0445831
33030.0	0.0436625
33035.0	0.0427532
33040.0	0.0418921
33045.0	0.0411688
33050.0	0.0405163
33055.0	0.039713
33060.0	0.0389748
33065.0	0.038319
33070.0	0.0374753
33075.0	0.0369474
33080.0	0.0365252
33085.0	0.0362406
33090.0	0.0356728
33095.0	0.0351331
33100.0	0.0347348
33105.0	0.0343449
33110.0	0.0339457
33115.0	0.0336573
33120.0	0.0334537
33125.0	0.0332335
33130.0	0.0329736
33135.0	0.0328582
33140.0	0.0326881
33145.0	0.0324616
33150.0	0.0322566
33155.0	0.0320762
33160.0	0.0318801
33165.0	0.0315477
33170.0	0.0310207
33175.0	0.0305009
33180.0	0.029975
33185.0	0.0296706
33190.0	0.0292626
33195.0	0.0287883
33200.0	0.028392
33205.0	0.0275199
33210.0	0.026748
33215.0	0.0262773
33220.0	0.0257641
33225.0	0.025104
33230.0	0.0243783
33235.0	0.0238992
33240.0	0.0232586
33245.0	0.0227266
33250.0	0.0223602
33255.0	0.0218402
33260.0	0.0213442
33265.0	0.0209735
33270.0	0.0207279
33275.0	0.020575
33280.0	0.0203685
33285.0	0.0201101
33290.0	0.0197974
33295.0	0.0196441
33300.0	0.019362
33305.0	0.0190275
33310.0	0.0185468
33315.0	0.0182774
33320.0	0.0181303
33325.0	0.0178636
33330.0	0.0177264
33335.0	0.0173213
33340.0	0.0174747
33345.0	0.0172322
33350.0	0.017047
33355.0	0.0168488
33360.0	0.0166477
33365.0	0.0163555
33370.0	0.0159874
33375.0	0.0155476
33380.0	0.015052
33385.0	0.0149628
33390.0	0.0146982
33395.0	0.0142128
33400.0	0.0136968
33405.0	0.0131968
33410.0	0.0130199
33415.0	0.0128177
33420.0	0.0124617
33425.0	0.0120437
33430.0	0.0113093
33435.0	0.0110896
33440.0	0.0110561
33445.0	0.0109734
33450.0	0.0105363
33455.0	0.0101656
33460.0	0.0100206
33465.0	0.0100179
33470.0	0.00987416
33475.0	0.0094889
33480.0	0.00949902
33485.0	0.00947815
33490.0	0.0091893
33495.0	0.00917616
33500.0	0.00912605
33505.0	0.00893121
33510.0	0.00870644
33515.0	0.00852605
33520.0	0.00833714
33525.0	0.00816995
33530.0	0.00807444
33535.0	0.00807224
33540.0	0.00791072
33545.0	0.00773796
33550.0	0.00755569
33555.0	0.00741742
33560.0	0.00725935
33565.0	0.00704043
33570.0	0.00684546
33575.0	0.00676822
33580.0	0.006615
33585.0	0.00642765
33590.0	0.00614904
33595.0	0.0060172
33600.0	0.00588888
33605.0	0.0057425
33610.0	0.00558081
33615.0	0.00534072
33620.0	0.00512588
33625.0	0.00498911
33630.0	0.00488273
33635.0	0.00480618
33640.0	0.00468621
33645.0	0.00453112
33650.0	0.00438154
33655.0	0.0042508
33660.0	0.00411246
33665.0	0.00397276
33670.0	0.00382537
33675.0	0.00357665
33680.0	0.00346823
33685.0	0.00339298
33690.0	0.00337534
33695.0	0.00338834
33700.0	0.00331188
33705.0	0.00326147
33710.0	0.0031828
33715.0	0.00325533
33720.0	0.0031791
33725.0	0.00313425
33730.0	0.00308594
33735.0	0.00303726
33740.0	0.00302332
33745.0	0.00293419
33750.0	0.00288221
33755.0	0.00277816
33760.0	0.00266832
33765.0	0.00253033
33770.0	0.00239657
33775.0	0.00229681
33780.0	0.00223078
33785.0	0.00217113
33790.0	0.00208187
33795.0	0.00200899
33800.0	0.00193738
33805.0	0.00190409
33810.0	0.00187861
33815.0	0.00184475
33820.0	0.0018153
33825.0	0.00179609
33830.0	0.0017534
33835.0	0.00170394
33840.0	0.00165414
33845.0	0.00157912
33850.0	0.00149699
33855.0	0.0014189
33860.0	0.00135496
33865.0	0.00132739
33870.0	0.00127371
33875.0	0.00119556
33880.0	0.00113247
33885.0	0.00108672
33890.0	0.00104315
33895.0	0.00100511
33900.0	0.00097856
33905.0	0.00093313
33910.0	0.00089376
33915.0	0.00086653
33920.0	0.00084584
33925.0	0.00082185
33930.0	0.00079582
33935.0	0.00076609
33940.0	0.00072876
33945.0	0.00070804
33950.0	0.00068701
33955.0	0.0006771
33960.0	0.00066403
33965.0	0.00064542
33970.0	0.00062292
33975.0	0.00060086
33980.0	0.00058472
33985.0	0.00055773
33990.0	0.00054684
33995.0	0.0005374
34000.0	0.00052787
34005.0	0.00051954
34010.0	0.00051398
34015.0	0.00051005
34020.0	0.00049763
34025.0	0.00048037
34030.0	0.00046914
34035.0	0.00045573
34040.0	0.000438
34045.0	0.00041775
34050.0	0.00039789
34055.0	0.00038027
34060.0	0.00036173
34065.0	0.00034657
34070.0	0.00032831
34075.0	0.0003076
34080.0	0.00028868
34085.0	0.00027428
34090.0	0.0002624
34095.0	0.00025331
34100.0	0.00024228
34105.0	0.0002264
34110.0	0.00021195
34115.0	0.00020239
34120.0	0.00019587
34125.0	0.00018618
34130.0	0.00017747
34135.0	0.0001667
34140.0	0.00015645
34145.0	0.00014838
34150.0	0.00014353
34155.0	0.0001404
34160.0	0.00013519
34165.0	0.00013073
34170.0	0.00012779
34175.0	0.00012552
34180.0	0.00012447
34185.0	0.00012273
34190.0	0.00011983
34195.0	0.00011907
34200.0	0.00011561
34205.0	0.00011421
34210.0	0.00011149
34215.0	0.00010806
34220.0	0.00010367
34225.0	9.816e-05
34230.0	9.29e-05
34235.0	8.952e-05
34240.0	8.746e-05
34245.0	8.463e-05
34250.0	8.084e-05
34255.0	7.67e-05
34260.0	7.308e-05
34265.0	7.085e-05
34270.0	6.976e-05
34275.0	6.672e-05
34280.0	6.211e-05
34285.0	5.686e-05
34290.0	5.221e-05
34295.0	4.911e-05
34300.0	4.652e-05
34305.0	4.36e-05
34310.0	4.042e-05
34315.0	3.743e-05
34320.0	3.473e-05
34325.0	3.257e-05
34330.0	3.151e-05
34335.0	2.979e-05
34340.0	2.767e-05
34345.0	2.565e-05
34350.0	2.417e-05
34355.0	2.296e-05
34360.0	2.165e-05
34365.0	2.04e-05
34370.0	1.914e-05
34375.0	1.831e-05
34380.0	1.73e-05
34385.0	1.655e-05
34390.0	1.608e-05
34395.0	1.524e-05
34400.0	1.447e-05
34405.0	1.366e-05
34410.0	1.307e-05
34415.0	1.275e-05
34420.0	1.248e-05
34425.0	1.198e-05
34430.0	1.146e-05
34435.0	1.098e-05
34440.0	1.053e-05
34445.0	1.029e-05
34450.0	1.017e-05
34455.0	9.79e-06
34460.0	8.76e-06
34465.0	8.51e-06
34470.0	7.99e-06
34475.0	7.73e-06
34480.0	7.58e-06
34485.0	7.32e-06
34490.0	6.96e-06
34495.0	6.88e-06
34500.0	6.42e-06
34505.0	6.34e-06
34510.0	6.15e-06
34515.0	5.83e-06
34520.0	5.62e-06
34525.0	5.21e-06
34530.0	4.77e-06
34535.0	4.45e-06
34540.0	4.2e-06
34545.0	3.87e-06
34550.0	3.49e-06
34555.0	3.4e-06
34560.0	3.12e-06
34565.0	3.01e-06
34570.0	2.89e-06
34575.0	2.75e-06
34580.0	2.59e-06
34585.0	2.43e-06
34590.0	2.35e-06
34595.0	2.25e-06
34600.0	2.16e-06
34605.0	2.04e-06
34610.0	1.88e-06
34615.0	1.73e-06
34620.0	1.6e-06
34625.0	1.56e-06
34630.0	1.51e-06
34635.0	1.43e-06
34640.0	1.32e-06
34645.0	1.22e-06
34650.0	1.2e-06
34655.0	1.16e-06
34660.0	1.12e-06
34665.0	1.08e-06
34670.0	1.04e-06
34675.0	9.6e-07
34680.0	9.6e-07
34685.0	9.4e-07
34690.0	8.9e-07
34695.0	8.3e-07
34700.0	7.5e-07
34705.0	7.1e-07
34710.0	6.4e-07
34715.0	6.4e-07
34720.0	6.2e-07
34725.0	5.8e-07
34730.0	5.2e-07
34735.0	4.7e-07
34740.0	4.3e-07
34745.0	3.7e-07
34750.0	3.4e-07
34755.0	3.2e-07
34760.0	2.8e-07
34765.0	2.3e-07
34770.0	2e-07
34775.0	1.9e-07
34780.0	1.8e-07
34785.0	1.6e-07
34790.0	1.4e-07
34795.0	1.2e-07
34800.0	1.1e-07
34805.0	1e-07
34810.0	1e-07
34815.0	9e-08
34820.0	8e-08
34825.0	8e-08
34830.0	8e-08
34835.0	8e-08
34840.0	7e-08
34845.0	7e-08
34850.0	7e-08
34855.0	7e-08
34860.0	6e-08
34865.0	6e-08
34870.0	6e-08
34875.0	5e-08
34880.0	5e-08
34885.0	5e-08
34890.0	4e-08
34895.0	4e-08
34900.0	4e-08
34905.0	3e-08
34910.0	3e-08
34915.0	3e-08
34920.0	2e-08
34925.0	2e-08
34930.0	2e-08
34935.0	2e-08
34940.0	2e-08
34945.0	2e-08
34950.0	2e-08
34955.0	1e-08
34960.0	1e-08
34965.0	1e-08
34970.0	1e-08
34975.0	1e-08
34980.0	1e-08
34985.0	1e-08
34990.0	1e-08
34995.0	1e-08
35000.0	1e-08
35005.0	1e-08
35010.0	1e-08
35015.0	1e-08
35020.0	1e-08
35025.0	1e-08
35030.0	1e-08
35035.0	1e-08
35040.0	1e-08
35045.0	1e-08
35050.0	1e-08
35055.0	1e-08
35060.0	1e-08
35065.0	0
35070.0	0
35075.0	0
35080.0	0
35085.0	0
35090.0	0
35095.0	0
