300 0
301 0
302 0
303 0
304 0
305 0
306 0
307 0
308 0
309 0
310 0
311 0
312 0
313 0
314 0
315 0
316 0
317 0
318 0
319 0
320 0
321 0
322 0
323 0
324 0
325 0
326 0
327 0
328 0
329 0
330 0
331 0
332 0
333 0
334 0
335 0
336 0
337 0
338 0
339 0
340 0
341 0
342 0
343 0
344 0
345 0
346 0
347 0
348 0
349 0
350 0
351 0
352 0
353 0
354 0
355 0
356 0
357 0
358 0
359 0
360 0
361 0
362 0
363 0
364 0
365 0
366 0
367 0
368 0
369 0
370 0
371 0
372 0
373 0
374 0
375 0
376 0
377 0
378 0
379 0
380 0
381 0
382 0
383 0
384 2.007e-15
385 0.0001061
386 4.3e-05
387 5.706e-05
388 1.048e-05
389 5.628e-06
390 4.35e-06
391 1.488e-05
392 3.349e-05
393 9.619e-05
394 0.0001788
395 4.159e-05
396 1.781e-05
397 6.478e-06
398 2.144e-05
399 1.249e-05
400 1.557e-05
401 5.239e-06
402 0.0001492
403 1.184e-05
404 1.002e-05
405 8.936e-06
406 1.059e-05
407 1.583e-05
408 1.994e-06
409 1.89e-05
410 2.312e-05
411 1.386e-05
412 1.64e-05
413 1.935e-05
414 1.489e-05
415 1.497e-05
416 1.254e-05
417 1.889e-05
418 2.741e-05
419 1.016e-05
420 2.64e-05
421 1.584e-05
422 1.678e-05
423 1.729e-05
424 1.477e-05
425 1.833e-05
426 1.492e-05
427 9.038e-05
428 1.284e-05
429 1.558e-05
430 2.46e-05
431 7.766e-05
432 0.0008517
433 0.0003337
434 7.236e-05
435 2.831e-05
436 2.982e-05
437 0.000142
438 0.000324
439 0.0009269
440 7.816e-05
441 4.72e-05
442 0.0006563
443 0.0003017
444 0.001762
445 0.0001693
446 2.517e-05
447 1.431e-05
448 1.674e-05
449 0.000438
450 0.0001208
451 4.731e-05
452 0.0001376
453 0.0006283
454 0.0007933
455 0.000279
456 0.0001651
457 0.0002222
458 0.0007619
459 0.0005765
460 0.0002332
461 0.0003033
462 0.0002794
463 0.0003267
464 0.0002985
465 0.0002887
466 0.0004954
467 0.0004756
468 0.0001353
469 9.299e-05
470 0.0001177
471 0.0001993
472 0.0002155
473 0.0001699
474 0.0001421
475 0.0001377
476 0.0001531
477 0.0001488
478 0.0001471
479 0.000214
480 0.0002595
481 0.000175
482 0.0001429
483 0.0001822
484 0.0002296
485 0.0002217
486 0.0002371
487 0.0004617
488 0.0004032
489 0.0001571
490 7.314e-05
491 5.664e-05
492 7.762e-05
493 0.0001362
494 0.0001922
495 0.0003232
496 0.0003452
497 9.636e-05
498 5.33e-05
499 4.042e-05
500 4.152e-05
501 6.74e-05
502 0.0001254
503 8.499e-05
504 7.094e-05
505 9.568e-05
506 0.0001065
507 5.764e-05
508 3.878e-05
509 3.507e-05
510 4.59e-05
511 0.0001017
512 8.705e-05
513 0.0001158
514 0.0001067
515 6.224e-05
516 3.629e-05
517 3.143e-05
518 3.578e-05
519 4.495e-05
520 7.151e-05
521 0.0001251
522 6.608e-05
523 2.757e-05
524 2.647e-05
525 5.074e-05
526 0.0001213
527 0.0001816
528 0.0001387
529 0.0001118
530 0.0002374
531 0.0001681
532 0.0001604
533 0.0004531
534 0.0003036
535 0.0001812
536 0.0001981
537 0.0002571
538 0.0006733
539 0.0006029
540 0.0003823
541 0.0005766
542 0.0005067
543 0.0001894
544 0.0001169
545 0.0001265
546 0.0002153
547 0.0003952
548 0.0002775
549 0.0001775
550 0.0002159
551 0.0007638
552 0.001073
553 0.0002041
554 0.0001336
555 0.0001859
556 0.000352
557 0.000623
558 0.0002241
559 0.0001363
560 0.0001724
561 0.0001632
562 0.0001264
563 0.0009579
564 0.0006183
565 0.001817
566 0.001835
567 0.0002919
568 0.00016
569 0.0003543
570 0.001808
571 0.0002274
572 0.0001091
573 9.809e-05
574 3.483e-05
575 1.74e-05
576 1.689e-05
577 2.589e-05
578 5.872e-05
579 0.0001345
580 0.0002646
581 0.0006031
582 0.0003023
583 4.451e-05
584 2.651e-05
585 1.326e-05
586 7.944e-06
587 6.882e-06
588 6.863e-06
589 9.43e-06
590 2.566e-05
591 4.31e-05
592 3.925e-05
593 7.516e-05
594 7.61e-05
595 3.401e-05
596 1.683e-05
597 1.051e-05
598 6.831e-06
599 4.735e-06
600 4.741e-06
601 6.846e-06
602 1.212e-05
603 2.743e-05
604 4.007e-05
605 4.328e-05
606 7.346e-05
607 5.345e-05
608 5.663e-05
609 1.961e-05
610 6.371e-06
611 3.187e-06
612 2.661e-06
613 2.666e-06
614 3.205e-06
615 6.414e-06
616 1.553e-05
617 5.256e-05
618 0.0001376
619 5.644e-05
620 1.561e-05
621 8.088e-06
622 6.48e-06
623 9.182e-06
624 2.055e-05
625 5.525e-05
626 2.658e-05
627 1.409e-05
628 1.743e-05
629 5.471e-05
630 3.978e-05
631 4.607e-05
632 0.000128
633 0.0002769
634 0.0006898
635 0.0007079
636 0.0004246
637 0.0005095
638 0.0008991
639 0.00153
640 0.001535
641 0.001027
642 0.0005927
643 0.000344
644 0.0003411
645 0.0008626
646 0.0006615
647 0.0002464
648 0.000266
649 0.0005639
650 0.002192
651 0.002118
652 0.002063
653 0.0008463
654 0.0002838
655 0.0001296
656 8.727e-05
657 8.902e-05
658 0.0002177
659 0.000283
660 0.0009631
661 9.793e-05
662 3.359e-05
663 2.743e-05
664 3.186e-05
665 4.36e-05
666 6.54e-05
667 9.95e-05
668 0.0001375
669 0.0001064
670 4.876e-05
671 2.522e-05
672 1.849e-05
673 1.737e-05
674 1.567e-05
675 1.51e-05
676 1.678e-05
677 1.848e-05
678 2.016e-05
679 2.351e-05
680 3.082e-05
681 4.818e-05
682 7.391e-05
683 0.0001461
684 0.0001995
685 0.0001217
686 9.047e-05
687 8.12e-05
688 0.0001373
689 0.0002851
690 0.0003749
691 0.0006181
692 0.001097
693 0.001167
694 0.0009449
695 0.001321
696 0.001005
697 0.0007116
698 0.0009587
699 0.00225
700 0.001981
701 0.0007115
702 0.0003796
703 0.0003755
704 0.000533
705 0.0009534
706 0.001533
707 0.001661
708 0.001041
709 0.0006638
710 0.0007712
711 0.001599
712 0.002124
713 0.001404
714 0.0004659
715 0.0003218
716 0.0001149
717 6.978e-05
718 5.572e-05
719 5.12e-05
720 5.191e-05
721 5.913e-05
722 7.246e-05
723 0.0001086
724 0.0003162
725 0.0005976
726 0.0005996
727 0.000188
728 8.515e-05
729 5.373e-05
730 3.956e-05
731 3.109e-05
732 2.731e-05
733 2.632e-05
734 2.809e-05
735 3.52e-05
736 4.56e-05
737 5.012e-05
738 4.914e-05
739 5.189e-05
740 5.258e-05
741 3.983e-05
742 2.99e-05
743 2.824e-05
744 2.714e-05
745 2.268e-05
746 1.771e-05
747 1.604e-05
748 1.715e-05
749 2.266e-05
750 3.705e-05
751 6.077e-05
752 9.009e-05
753 0.0001077
754 8.783e-05
755 6.07e-05
756 4.355e-05
757 3.695e-05
758 7.952e-05
759 0.000186
760 1.295e-05
761 3.079e-05
762 0.000209
763 0.0003401
764 3.869e-05
765 1.47e-05
766 8.636e-06
767 8.79e-06
768 1.167e-05
769 1.613e-05
770 2.122e-05
771 2.838e-05
772 5.126e-05
773 0.000634
774 0.0001586
775 0.000424
776 2.994e-05
777 9.786e-06
778 4.894e-06
779 2.715e-06
780 1.629e-06
781 1.085e-06
782 5.417e-07
783 5.419e-07
784 0
785 5.967e-17
786 5.397e-07
787 5.384e-07
788 0
789 0
790 0
791 0
792 0
793 0
794 0
795 0
796 0
797 0
798 0
799 0
800 0
801 0
802 0
803 0
804 0
805 0
806 0
807 0
808 0
809 0
810 0
811 0
812 0
813 0
814 0
815 5.902e-17
816 4.926e-07
817 4.963e-07
818 4.869e-07
819 1.001e-06
820 2.503e-06
821 8.898e-06
822 2.477e-05
823 5.636e-05
824 0.0009614
825 4.161e-05
826 6.689e-06
827 2.613e-06
828 1.506e-06
829 1.012e-06
830 2.055e-06
831 0.0008275
832 1.537e-06
833 5.222e-07
834 5.218e-07
835 5.274e-07
836 1.053e-06
837 2.113e-06
838 4.229e-06
839 6.885e-06
840 1.007e-05
841 3.28e-05
842 9.748e-05
843 7.953e-06
844 5.297e-05
845 6.893e-06
846 3.176e-06
847 3.176e-06
848 3.172e-06
849 3.698e-06
850 3.168e-06
851 3.697e-06
852 4.236e-06
853 4.776e-06
854 5.84e-06
855 8.506e-06
856 1.224e-05
857 1.972e-05
858 3.307e-05
859 6.248e-05
860 0.0001128
861 9.951e-05
862 4.283e-05
863 1.929e-05
864 1.128e-05
865 8.063e-06
866 8.068e-06
867 1.076e-05
868 3.393e-05
869 4.418e-05
870 8.625e-06
871 5.393e-06
872 4.856e-06
873 5.937e-06
874 7.559e-06
875 1.026e-05
876 1.512e-05
877 2.539e-05
878 5.402e-05
879 0.0001221
880 5.455e-05
881 3.996e-05
882 0.0001144
883 2.699e-05
884 1.079e-05
885 7.554e-06
886 7e-06
887 6.464e-06
888 5.916e-06
889 5.385e-06
890 4.838e-06
891 4.836e-06
892 4.286e-06
893 4.251e-06
894 4.239e-06
895 4.156e-06
896 4.537e-06
897 5.409e-06
898 7.014e-06
899 8.138e-06
900 1.252e-05
901 1.862e-05
902 2.937e-05
903 4.796e-05
904 7.99e-05
905 0.0001056
906 0.0001123
907 0.0001005
908 9.418e-05
909 9.72e-05
910 0.0001086
911 0.000128
912 0.0001599
913 0.0002253
914 0.0003785
915 0.0007621
916 0.001155
917 0.0008676
918 0.0004501
919 0.0003092
920 0.0002553
921 0.000284
922 0.0004737
923 0.0008108
924 0.0004647
925 0.0003193
926 0.0002853
927 0.0002917
928 0.0003085
929 0.0003814
930 0.0005022
931 0.0007185
932 0.0009933
933 0.001306
934 0.00118
935 0.001351
936 0.001075
937 0.001091
938 0.001171
939 0.0008698
940 0.0006584
941 0.0004896
942 0.0004503
943 0.0003658
944 0.0003856
945 0.0004579
946 0.0005075
947 0.0006822
948 0.0008029
949 0.0013
950 0.001614
951 0.002903
952 0.003522
953 0.005205
954 0.008426
955 0.01416
956 0.02481
957 0.04445
958 0.07078
959 0.07513
960 0.07504
961 0.0767
962 0.07587
963 0.07748
964 0.08534
965 0.09782
966 0.1165
967 0.1331
968 0.1545
969 0.15
970 0.146
971 0.1459
972 0.1459
973 0.1478
974 0.1516
975 0.1553
976 0.1648
977 0.1886
978 0.2138
979 0.2307
980 0.239
981 0.2592
982 0.272
983 0.2691
984 0.2692
985 0.2617
986 0.2643
987 0.2633
988 0.2625
989 0.2619
990 0.2584
991 0.2552
992 0.2507
993 0.2456
994 0.2413
995 0.2366
996 0.2318
997 0.2272
998 0.2221
999 0.2168
1000 0.2114
1001 0.2066
1002 0.2006
1003 0.1965
1004 0.1921
1005 0.1878
1006 0.1836
1007 0.1797
1008 0.1753
1009 0.1706
1010 0.166
1011 0.1623
1012 0.1576
1013 0.153
1014 0.1483
1015 0.1438
1016 0.1393
1017 0.1349
1018 0.1308
1019 0.1266
1020 0.1227
1021 0.1191
1022 0.1156
1023 0.1119
1024 0.1081
1025 0.1046
1026 0.101
1027 0.09735
1028 0.0937
1029 0.09015
1030 0.0868
1031 0.08366
1032 0.08059
1033 0.07757
1034 0.07467
1035 0.07173
1036 0.06881
1037 0.066
1038 0.06314
1039 0.06031
1040 0.05753
1041 0.05513
1042 0.05272
1043 0.05036
1044 0.04804
1045 0.04582
1046 0.04355
1047 0.04131
1048 0.03908
1049 0.0369
1050 0.03468
1051 0.03274
1052 0.03081
1053 0.02896
1054 0.02712
1055 0.02535
1056 0.02366
1057 0.02208
1058 0.02056
1059 0.01912
1060 0.01777
1061 0.01667
1062 0.01561
1063 0.01459
1064 0.01361
1065 0.01267
1066 0.01176
1067 0.01088
1068 0.01002
1069 0.009222
1070 0.008433
1071 0.007836
1072 0.007242
1073 0.00668
1074 0.006111
1075 0.005554
1076 0.005062
1077 0.004556
1078 0.004096
1079 0.00368
1080 0.003253
1081 0.002948
1082 0.002681
1083 0.002406
1084 0.002151
1085 0.001909
1086 0.001648
1087 0.00144
1088 0.00124
1089 0.001028
1090 0.0008393
1091 0.0007216
1092 0.0006093
1093 0.0005069
1094 0.0004209
1095 0.0003354
1096 0.0002637
1097 0.0002044
1098 0.0001501
1099 9.863e-05
1100 6.367e-05
1101 0
1102 0
1103 0
1104 0
1105 0
1106 0
1107 0
1108 0
1109 0
1110 0
1111 0
1112 0
1113 0
1114 0
1115 0
1116 0
1117 0
1118 0
1119 0
1120 0
1121 0
1122 0
1123 0
1124 0
1125 0
1126 0
1127 0
1128 0
1129 0
1130 0
1131 0
1132 0
1133 0
1134 0
1135 0
1136 0
1137 0
1138 0
1139 0
1140 0
1141 0
1142 0
1143 0
1144 0
1145 0
1146 0
1147 0
1148 0
1149 0
1150 0
1151 0
1152 0
1153 0
1154 0
1155 0
1156 0
1157 0
1158 0
1159 0
1160 0
1161 0
1162 0
1163 0
1164 0
1165 0
1166 0
1167 0
1168 0
1169 0
1170 0
1171 0
1172 0
1173 0
1174 0
1175 0
1176 0
1177 0
1178 0
1179 0
1180 0
1181 0
1182 0
1183 0
1184 0
1185 0
1186 0
1187 0
1188 0
1189 0
1190 0
1191 0
1192 0
1193 0
1194 0
1195 0
1196 0
1197 0
1198 0
1199 0
1200 0
