300 1.188e-08
301 4.192e-08
302 3.685e-07
303 3.787e-07
304 7.605e-07
305 2.42e-06
306 7.584e-07
307 2.036e-07
308 1.685e-05
309 6.386e-07
310 1.253e-06
311 9.674e-07
312 2.312e-06
313 1.152e-05
314 3.802e-06
315 9.059e-07
316 3.576e-18
317 1.108e-06
318 1.787e-05
319 0
320 0
321 0
322 0
323 0
324 0
325 0
326 3.665e-17
327 6.506e-06
328 1.508e-05
329 0
330 0
331 0
332 0
333 0
334 0
335 2.09e-17
336 2.657e-06
337 5.284e-06
338 0
339 2.404e-17
340 2.724e-06
341 0
342 0
343 0
344 0
345 1.129e-16
346 1.104e-05
347 4.411e-05
348 0
349 0
350 0
351 0
352 0
353 0
354 3.325e-17
355 2.705e-06
356 2.425e-05
357 1.073e-05
358 1.07e-05
359 2.671e-06
360 2.664e-06
361 0
362 0
363 0
364 0
365 0
366 0
367 0
368 0
369 0
370 0
371 0
372 0
373 0
374 0
375 0
376 0
377 0
378 0
379 0
380 0
381 0
382 0
383 0
384 8.635e-14
385 0.004564
386 0.006845
387 0.01148
388 0.02234
389 0.03037
390 0.03027
391 0.0357
392 0.04942
393 0.06482
394 0.07975
395 0.09943
396 0.1147
397 0.1185
398 0.1356
399 0.1661
400 0.193
401 0.2162
402 0.2339
403 0.2389
404 0.2503
405 0.277
406 0.3029
407 0.3207
408 0.3399
409 0.3563
410 0.3643
411 0.3753
412 0.3941
413 0.4064
414 0.4089
415 0.4097
416 0.4112
417 0.4122
418 0.4143
419 0.4182
420 0.4228
421 0.4255
422 0.4255
423 0.4252
424 0.4271
425 0.4302
426 0.4331
427 0.4362
428 0.4399
429 0.4421
430 0.442
431 0.4428
432 0.446
433 0.447
434 0.4473
435 0.4494
436 0.4526
437 0.454
438 0.4544
439 0.4564
440 0.4594
441 0.4608
442 0.4618
443 0.4634
444 0.4656
445 0.4653
446 0.4659
447 0.4692
448 0.4729
449 0.4749
450 0.4767
451 0.4789
452 0.482
453 0.4836
454 0.4831
455 0.4836
456 0.4854
457 0.4873
458 0.4881
459 0.4881
460 0.4894
461 0.4905
462 0.4917
463 0.4929
464 0.4942
465 0.4962
466 0.4994
467 0.5018
468 0.5031
469 0.5034
470 0.5035
471 0.5045
472 0.5058
473 0.5073
474 0.5074
475 0.5073
476 0.5084
477 0.5099
478 0.5108
479 0.511
480 0.5112
481 0.5136
482 0.516
483 0.5171
484 0.5168
485 0.5167
486 0.5184
487 0.5211
488 0.5231
489 0.5239
490 0.5255
491 0.527
492 0.5288
493 0.5295
494 0.5296
495 0.5296
496 0.5313
497 0.5333
498 0.5339
499 0.534
500 0.5335
501 0.5331
502 0.5321
503 0.5318
504 0.5314
505 0.5321
506 0.5334
507 0.5348
508 0.5348
509 0.535
510 0.5346
511 0.5342
512 0.5329
513 0.5324
514 0.5322
515 0.5315
516 0.5319
517 0.5322
518 0.5325
519 0.5322
520 0.5324
521 0.5316
522 0.5289
523 0.5242
524 0.5205
525 0.5191
526 0.5205
527 0.5235
528 0.5252
529 0.5261
530 0.5261
531 0.527
532 0.5279
533 0.5296
534 0.5303
535 0.5296
536 0.5279
537 0.5236
538 0.5159
539 0.5024
540 0.4847
541 0.4654
542 0.4472
543 0.431
544 0.4152
545 0.4014
546 0.3889
547 0.3719
548 0.3433
549 0.3054
550 0.2661
551 0.2327
552 0.2077
553 0.1896
554 0.173
555 0.1506
556 0.119
557 0.08297
558 0.05167
559 0.03011
560 0.01729
561 0.01007
562 0.006037
563 0.00375
564 0.002416
565 0.00161
566 0.001111
567 0.000788
568 0.0005704
569 0.0004218
570 0.0003215
571 0.0002479
572 0.0001951
573 0.0001582
574 0.0001267
575 0.0001055
576 8.447e-05
577 6.87e-05
578 5.819e-05
579 4.767e-05
580 4.242e-05
581 3.709e-05
582 3.182e-05
583 2.649e-05
584 2.121e-05
585 2.121e-05
586 1.589e-05
587 1.588e-05
588 1.056e-05
589 1.048e-05
590 1.047e-05
591 5.256e-06
592 5.234e-06
593 5.256e-06
594 5.248e-06
595 5.232e-06
596 5.259e-06
597 5.256e-06
598 5.255e-06
599 0
600 0
601 0
602 0
603 0
604 0
605 0
606 0
607 0
608 0
609 0
610 0
611 0
612 0
613 0
614 0
615 0
616 0
617 0
618 0
619 0
620 0
621 0
622 0
623 0
624 0
625 0
626 0
627 0
628 0
629 0
630 0
631 0
632 0
633 0
634 0
635 0
636 0
637 0
638 4.237e-16
639 5.514e-06
640 5.523e-06
641 5.531e-06
642 5.539e-06
643 5.539e-06
644 5.546e-06
645 5.551e-06
646 5.549e-06
647 5.538e-06
648 5.529e-06
649 5.539e-06
650 5.56e-06
651 5.567e-06
652 5.538e-06
653 5.571e-06
654 1.113e-05
655 1.112e-05
656 1.112e-05
657 1.113e-05
658 1.671e-05
659 1.675e-05
660 1.678e-05
661 2.239e-05
662 2.239e-05
663 2.799e-05
664 3.354e-05
665 3.913e-05
666 3.913e-05
667 4.472e-05
668 4.472e-05
669 4.478e-05
670 4.484e-05
671 4.484e-05
672 5.044e-05
673 5.604e-06
674 5.595e-06
675 5.594e-06
676 1.119e-05
677 1.68e-05
678 2.24e-05
679 0.0002799
680 0.0002466
681 0.0001737
682 0.000112
683 7.276e-05
684 5.587e-05
685 4.468e-05
686 4.44e-05
687 4.614e-05
688 6.518e-05
689 0.0001023
690 1.496e-05
691 1.553e-05
692 0.0001064
693 1.086e-05
694 4.899e-05
695 2.735e-05
696 1.645e-05
697 1.109e-05
698 5.545e-06
699 5.499e-06
700 5.506e-06
701 0
702 0
703 0
704 0
705 0
706 0
707 0
708 0
709 0
710 0
711 0
712 0
713 0
714 0
715 0
716 0
717 0
718 0
719 0
720 4.908e-16
721 5.424e-06
722 5.448e-06
723 5.219e-06
724 1.042e-05
725 3.676e-05
726 4.238e-05
727 6.808e-05
728 0.0001756
729 2.66e-05
730 1.069e-05
731 5.36e-06
732 5.462e-06
733 5.484e-06
734 5.509e-06
735 5.501e-06
736 5.494e-06
737 5.508e-06
738 1.657e-05
739 4.416e-05
740 0.0001328
741 7.745e-05
742 1.661e-05
743 5.537e-06
744 5.539e-06
745 5.533e-06
746 5.535e-06
747 0
748 0
749 0
750 0
751 0
752 0
753 0
754 5.702e-16
755 5.519e-06
756 5.513e-06
757 5.515e-06
758 5.484e-06
759 4.218e-06
760 3.867e-06
761 1.13e-05
762 1.771e-05
763 1.237e-05
764 1.095e-05
765 1.297e-05
766 9.595e-06
767 1.034e-05
768 1.061e-05
769 1.075e-05
770 1.632e-05
771 2.729e-05
772 4.908e-05
773 3.274e-05
774 1.635e-05
775 1.089e-05
776 5.444e-06
777 5.437e-06
778 5.437e-06
779 5.43e-06
780 5.431e-06
781 5.424e-06
782 1.083e-05
783 1.084e-05
784 1.082e-05
785 1.082e-05
786 1.079e-05
787 5.384e-06
788 5.377e-06
789 5.346e-06
790 5.346e-06
791 5.349e-06
792 5.343e-06
793 0
794 0
795 6.021e-16
796 5.304e-06
797 5.339e-06
798 2.134e-05
799 2.135e-05
800 1.064e-05
801 5.307e-06
802 5.316e-06
803 5.311e-06
804 6.094e-16
805 5.33e-06
806 5.34e-06
807 5.339e-06
808 5.338e-06
809 1.066e-05
810 5.319e-06
811 0
812 0
813 0
814 0
815 0
816 0
817 0
818 0
819 0
820 0
821 0
822 0
823 0
824 0
825 0
826 0
827 0
828 0
829 0
830 0
831 0
832 0
833 0
834 0
835 0
836 0
837 0
838 0
839 0
840 0
841 0
842 0
843 0
844 0
845 6.57e-16
846 5.294e-06
847 5.293e-06
848 5.287e-06
849 5.282e-06
850 5.281e-06
851 5.282e-06
852 5.296e-06
853 5.306e-06
854 1.062e-05
855 1.063e-05
856 1.065e-05
857 1.066e-05
858 1.067e-05
859 5.34e-06
860 1.069e-05
861 1.07e-05
862 1.606e-05
863 2.143e-05
864 1.611e-05
865 1.613e-05
866 1.614e-05
867 0.0001023
868 0.0001562
869 9.698e-05
870 7.547e-05
871 9.168e-05
872 0.0001403
873 0.0001727
874 0.0001026
875 5.401e-05
876 3.241e-05
877 2.701e-05
878 2.161e-05
879 2.701e-05
880 2.701e-05
881 3.78e-05
882 4.858e-05
883 7.018e-05
884 0.0001241
885 0.0002374
886 0.0002585
887 0.0002316
888 0.0001613
889 7.539e-05
890 3.763e-05
891 2.149e-05
892 1.607e-05
893 1.063e-05
894 1.06e-05
895 1.039e-05
896 1.008e-05
897 1.967e-05
898 6.012e-05
899 3.165e-05
900 2.408e-05
901 2.864e-05
902 4.334e-05
903 8.235e-05
904 0.000232
905 0.000551
906 0.0003049
907 0.0001154
908 5.679e-05
909 3.335e-05
910 2.402e-05
911 1.932e-05
912 1.437e-05
913 1.414e-05
914 1.872e-05
915 2.4e-05
916 4.603e-05
917 0.0001315
918 0.0001015
919 0.000181
920 0.0002666
921 0.0001048
922 5.399e-05
923 7.412e-05
924 0.000112
925 2.412e-05
926 1.941e-05
927 1.466e-05
928 1.367e-05
929 1.78e-05
930 2.072e-05
931 3.409e-05
932 9.71e-05
933 0.000596
934 5.851e-05
935 2.046e-05
936 1.169e-05
937 5.749e-06
938 6.137e-06
939 7.089e-06
940 7.791e-06
941 7.242e-06
942 1.482e-05
943 3.381e-05
944 0.000167
945 2.314e-05
946 3.129e-05
947 0.0002859
948 5.525e-05
949 1.435e-05
950 6.052e-06
951 3.632e-06
952 3.115e-06
953 3.212e-06
954 3.369e-06
955 3.308e-06
956 3.156e-06
957 3.187e-06
958 3.438e-06
959 3.176e-06
960 6.391e-06
961 1.011e-05
962 1.336e-05
963 2.948e-05
964 8.313e-05
965 0.0005966
966 0.0001803
967 3.882e-05
968 1.767e-05
969 1.041e-05
970 6.866e-06
971 1.708e-05
972 3.994e-05
973 6.462e-06
974 3.15e-06
975 3.044e-06
976 3.003e-06
977 3.083e-06
978 3.045e-06
979 2.981e-06
980 2.942e-06
981 2.997e-06
982 5.916e-06
983 1.444e-05
984 7.271e-05
985 0.0002402
986 3.671e-05
987 0.0002134
988 1.633e-05
989 5.362e-06
990 2.624e-06
991 2.582e-06
992 0
993 0
994 0
995 0
996 0
997 0
998 0
999 0
1000 0
1001 0
1002 0
1003 0
1004 0
1005 3.063e-16
1006 1.864e-06
1007 1.819e-06
1008 3.539e-06
1009 5.157e-06
1010 1.003e-05
1011 8.171e-06
1012 4.767e-06
1013 3.094e-06
1014 1.503e-06
1015 1.462e-06
1016 2.836e-06
1017 2.75e-06
1018 1.333e-06
1019 1.29e-06
1020 0
1021 0
1022 0
1023 0
1024 0
1025 0
1026 1.691e-16
1027 9.876e-07
1028 9.511e-07
1029 9.154e-07
1030 2.645e-06
1031 3.399e-06
1032 3.273e-06
1033 3.15e-06
1034 2.274e-06
1035 7.281e-07
1036 6.986e-07
1037 6.703e-07
1038 6.415e-07
1039 0
1040 0
1041 0
1042 0
1043 0
1044 0
1045 0
1046 0
1047 0
1048 0
1049 0
1050 0
1051 0
1052 0
1053 0
1054 0
1055 0
1056 4.213e-17
1057 2.292e-07
1058 2.134e-07
1059 1.983e-07
1060 1.838e-07
1061 1.719e-07
1062 3.206e-07
1063 2.983e-07
1064 2.772e-07
1065 2.575e-07
1066 2.389e-07
1067 1.107e-07
1068 1.024e-07
1069 9.499e-08
1070 8.778e-08
1071 8.264e-08
1072 7.756e-08
1073 7.277e-08
1074 6.778e-08
1075 0
1076 1.027e-17
1077 5.327e-08
1078 4.863e-08
1079 4.428e-08
1080 3.96e-08
1081 3.625e-08
1082 3.324e-08
1083 3.005e-08
1084 5.409e-08
1085 4.836e-08
1086 4.205e-08
1087 3.706e-08
1088 1.611e-08
1089 1.352e-08
1090 1.118e-08
1091 9.742e-09
1092 8.344e-09
1093 7.041e-09
1094 5.925e-09
1095 4.778e-09
1096 3.796e-09
1097 2.965e-09
1098 2.189e-09
1099 1.444e-09
1100 9.332e-10
1101 0
1102 0
1103 0
1104 0
1105 0
1106 0
1107 0
1108 0
1109 0
1110 0
1111 0
1112 0
1113 0
1114 0
1115 0
1116 0
1117 0
1118 0
1119 0
1120 0
1121 0
1122 0
1123 0
1124 0
1125 0
1126 0
1127 0
1128 0
1129 0
1130 0
1131 0
1132 0
1133 0
1134 0
1135 0
1136 0
1137 0
1138 0
1139 0
1140 0
1141 0
1142 0
1143 0
1144 0
1145 0
1146 0
1147 0
1148 0
1149 0
1150 0
1151 0
1152 0
1153 0
1154 0
1155 0
1156 0
1157 0
1158 0
1159 0
1160 0
1161 0
1162 0
1163 0
1164 0
1165 0
1166 0
1167 0
1168 0
1169 0
1170 0
1171 0
1172 0
1173 0
1174 0
1175 0
1176 0
1177 0
1178 0
1179 0
1180 0
1181 0
1182 0
1183 0
1184 0
1185 0
1186 0
1187 0
1188 0
1189 0
1190 0
1191 0
1192 0
1193 0
1194 0
1195 0
1196 0
1197 0
1198 0
1199 0
1200 0
